Data/MaxEnt_Env layers_1min/fert1_1min.asc
NCOLS 486 
NROWS 242 
XLLCORNER 17.7462665 
YLLCORNER -34.9334335 
CELLSIZE 0.016667 
NODATA_value -9999 
[rows 140 to 174 of 242, columns 78 to 155 of 486]
1 1 1 -9999 -9999 -9999 -9999 -9999 -9999 1 -9999 -9999 -9999 -9999 1 1 1 -9999 0.277889484614026 1 1 1 1 1 1 1 1 -9999 -9999 -9999 -9999 -9999 1 1 1 1 1 1 1 1 1 1 1 1 1 1 1 1 1 1 1 1 1 1 1 1 0.861771531605922 0.642172618031989 1 1 1 1 -9999 -9999 -9999 1 1 1 1 1 1 1 1 1 1 1 1 -9999
1 1 -9999 -9999 -9999 -9999 -9999 -9999 -9999 1 -9999 -9999 -9999 -9999 1 1 1 -9999 -9999 1 1 1 1 1 1 1 1 0.8598657082312 -9999 -9999 -9999 -9999 1 1 1 1 -9999 1 1 1 1 1 1 1 1 1 1 1 1 1 1 1 1 1 0.859593575254045 -9999 0.636472354425611 1 1 -9999 -9999 1 1 1 1 1 0.859472627264402 0.496045771681489 0.49604577168149 0.49604577168149 0.496045771681489 -9999 0.49604577168149 0.496045771681489 -9999 1 1 1
1 1 -9999 -9999 -9999 -9999 -9999 -9999 -9999 1 1 -9999 -9999 1 1 1 -9999 -9999 1 -9999 1 1 1 1 1 1 0.859870226265313 0.49823599494928 0.641913778615888 1 -9999 -9999 -9999 1 1 -9999 1 1 1 1 1 1 1 1 1 1 1 1 1 1 1 1 0.859608161887596 0.636427689281676 -9999 -9999 0.642191550694004 1 1 1 -9999 1 1 0.859497288497039 0.496025771770218 -9999 -9999 -9999 -9999 -9999 -9999 -9999 -9999 -9999 -9999 -9999 1 1
-9999 1 -9999 -9999 -9999 -9999 -9999 -9999 -9999 1 1 1 -9999 1 1 -9999 -9999 -9999 -9999 -9999 -9999 0.496005771858731 0.636100787361858 1 1 1 0.862085851441649 0.641918296730946 1 0.859834425902909 0.636181425754978 -9999 -9999 1 -9999 1 1 1 1 1 1 1 1 1 1 1 1 1 1 1 1 1 0.861827930626128 0.64217621754642 -9999 -9999 1 1 1 1 0.859521952129556 0.496005771858731 0.496005771858731 -9999 -9999 -9999 -9999 -9999 -9999 -9999 -9999 -9999 -9999 -9999 -9999 0.64239445823652 -9999 1
-9999 -9999 -9999 -9999 -9999 -9999 -9999 -9999 -9999 1 1 1 1 1 1 -9999 -9999 -9999 -9999 -9999 -9999 -9999 -9999 0.495985771947247 -9999 -9999 0.636126667612042 -9999 -9999 0.86206165351265 0.641962494171492 1 -9999 0.495985771947247 -9999 -9999 -9999 1 1 1 -9999 1 1 1 1 1 1 1 1 1 1 1 1 1 1 1 1 1 1 -9999 -9999 0.363520525418387 -9999 -9999 -9999 -9999 -9999 -9999 -9999 -9999 -9999 0 0.278969475461315 1 1 1 0.859355094378598 0.495985771947247
-9999 1 1 -9999 -9999 -9999 -9999 -9999 -9999 -9999 1 1 1 1 -9999 -9999 -9999 -9999 -9999 -9999 -9999 -9999 -9999 -9999 -9999 0 0.137903026628185 -9999 -9999 1 1 -9999 -9999 -9999 -9999 -9999 1 1 1 1 1 1 1 1 1 1 1 1 1 1 1 1 1 1 1 1 1 1 1 -9999 1 0.861749800273708 -9999 -9999 -9999 -9999 -9999 -9999 -9999 -9999 -9999 -9999 -9999 -9999 -9999 -9999 -9999 0.504034227964451
-9999 1 1 -9999 -9999 0.364113911262477 -9999 -9999 -9999 -9999 -9999 1 1 1 1 -9999 -9999 -9999 -9999 -9999 -9999 -9999 -9999 -9999 -9999 -9999 -9999 -9999 -9999 1 -9999 -9999 1 -9999 -9999 1 1 1 1 1 1 1 1 1 1 1 1 1 1 1 1 1 1 1 1 1 1 -9999 -9999 -9999 1 0.859495147435888 -9999 -9999 -9999 -9999 -9999 -9999 -9999 -9999 -9999 1 -9999 -9999 -9999 0.642437716276572 1 1
-9999 -9999 1 1 -9999 -9999 -9999 -9999 -9999 -9999 0.635922048386836 1 1 -9999 -9999 -9999 -9999 -9999 -9999 -9999 -9999 -9999 -9999 -9999 -9999 -9999 -9999 1 -9999 -9999 -9999 -9999 1 1 1 1 1 1 1 1 1 1 1 1 1 1 1 1 1 1 1 1 1 -9999 0.636365629948141 1 1 0.859529898067468 0.357716477710312 -9999 1 0.861760950203395 0.50407422778721 0.50407422778721 0.50407422778721 -9999 1 1 1 1 1 1 0.86165184745805 0.642432298760506 1 1 1 1
-9999 1 1 1 -9999 -9999 -9999 -9999 -9999 -9999 0.277729485969959 1 1 1 1 -9999 -9999 -9999 -9999 -9999 -9999 -9999 -9999 -9999 -9999 -9999 1 -9999 -9999 -9999 1 1 1 1 1 1 1 1 1 1 1 1 1 1 1 1 1 1 1 1 1 1 1 0.861845869419421 0.642258276310865 1 0.859534406501646 0.498187644892552 0.363608470602138 -9999 0.495905772301306 0.495905772301307 0.636431856594373 1 -9999 1 1 1 1 1 1 1 1 1 1 1 1 1
-9999 1 1 -9999 1 -9999 -9999 -9999 -9999 -9999 -9999 1 1 1 -9999 1 1 1 -9999 -9999 -9999 -9999 -9999 -9999 1 1 -9999 -9999 -9999 1 1 1 1 1 1 1 1 1 1 1 1 1 1 1 1 -9999 -9999 -9999 -9999 1 1 1 1 1 1 1 0.86182168829013 -9999 -9999 -9999 -9999 -9999 -9999 -9999 -9999 0.859438093744749 0.636457760843984 -9999 1 1 1 1 1 1 1 1 1 1
-9999 1 1 1 -9999 -9999 -9999 -9999 -9999 -9999 -9999 -9999 1 1 -9999 1 1 1 1 -9999 -9999 -9999 -9999 -9999 1 1 1 -9999 1 1 1 1 1 1 1 1 1 1 1 1 1 -9999 -9999 0.859654334360179 0.495865772478121 0.495865772478121 -9999 -9999 -9999 0.636271933712592 1 -9999 -9999 -9999 -9999 -9999 -9999 -9999 -9999 -9999 -9999 -9999 -9999 -9999 -9999 -9999 -9999 -9999 1 1 1 1 1 -9999 -9999 -9999 1 1
0.277529487665143 1 1 1 -9999 -9999 -9999 -9999 -9999 -9999 -9999 -9999 -9999 -9999 1 1 1 1 1 1 1 1 1 1 1 1 1 1 1 1 1 1 1 1 1 1 1 1 -9999 -9999 -9999 1 0.859658849594221 0.35780752559493 0 0 0 0 0 0.138097747960192 0.495845772566638 0.495845772566638 0.495845772566638 0.636297835962385 0.721390521487568 -9999 -9999 -9999 -9999 -9999 -9999 -9999 -9999 -9999 -9999 -9999 -9999 -9999 0.636449080948879 1 1 1 1 1 1 1 1 1
-9999 -9999 1 1 1 1 -9999 -9999 -9999 -9999 -9999 1 1 -9999 1 1 1 1 1 1 1 1 1 1 1 1 1 1 1 1 1 1 1 1 1 1 0.859713782623868 -9999 -9999 -9999 0.859673449027547 0.495825772655366 0.35780300987989 0 0 0 0 0.140397134766091 0.504174227344634 0.363756925780353 0 0.140437468362442 -9999 -9999 -9999 -9999 -9999 -9999 -9999 -9999 -9999 -9999 -9999 -9999 -9999 -9999 -9999 0.721130523691366 -9999 1 0.859370947054744 0.636464908999625 1 -9999 -9999 1 1 1
0.277529487665143 -9999 1 1 -9999 1 1 -9999 -9999 -9999 -9999 1 1 1 1 1 1 1 1 1 1 1 1 1 1 1 1 1 1 1 1 1 1 1 1 -9999 -9999 -9999 0.278289481224086 1 0.862002636652444 0.504194227256332 0.504194227256332 0.504194227256333 0.504194227256332 0.504194227256333 -9999 -9999 1 0.861913392369678 0.504194227256332 0.642300666949468 1 1 -9999 1 -9999 -9999 -9999 -9999 -9999 -9999 -9999 -9999 -9999 -9999 1 1 -9999 -9999 -9999 -9999 -9999 1 1 -9999 -9999 -9999
0.277529487665143 1 1 1 1 1 -9999 -9999 -9999 -9999 1 1 1 1 1 1 1 1 1 1 1 1 1 1 1 1 1 1 1 1 1 1 1 -9999 -9999 -9999 -9999 -9999 0.642186192687569 1 -9999 1 1 1 -9999 -9999 -9999 -9999 1 1 1 1 1 1 1 1 1 1 1 -9999 -9999 -9999 -9999 -9999 1 1 -9999 -9999 -9999 -9999 -9999 1 1 1 1 1 -9999 1
0.277529487665143 1 1 1 1 1 1 -9999 -9999 -9999 -9999 -9999 1 1 1 1 1 1 1 1 1 1 1 1 1 1 1 1 1 1 1 -9999 -9999 -9999 -9999 -9999 -9999 1 1 1 1 1 1 1 1 1 -9999 0.859586157139014 -9999 1 1 1 1 1 1 1 1 1 -9999 -9999 -9999 -9999 -9999 -9999 -9999 1 1 1 1 1 1 1 1 1 1 0.859303788364881 -9999 -9999
-9999 1 1 1 1 1 1 -9999 -9999 -9999 -9999 -9999 -9999 -9999 1 1 1 1 1 1 1 1 1 1 1 1 1 1 1 -9999 -9999 -9999 -9999 -9999 1 1 1 1 1 1 1 1 1 1 1 1 -9999 -9999 -9999 1 1 1 1 1 1 1 0.859489822782455 0.636266035226 -9999 -9999 -9999 -9999 0.642453016934851 1 1 1 1 1 1 1 1 1 1 1 1 0.861672317247159 -9999 -9999
-9999 0.635686826331412 1 1 1 1 1 1 -9999 -9999 -9999 -9999 -9999 1 1 1 1 1 1 1 1 1 1 1 1 1 1 1 1 -9999 -9999 1 1 1 1 1 1 1 1 1 1 1 1 1 1 -9999 -9999 1 -9999 -9999 -9999 -9999 1 0.859514506014707 0.495725773097512 0.495725773097512 0.498107795289456 0.642417869324505 1 1 1 1 1 1 0.859403566624895 0.636332291871642 1 1 1 1 1 1 1 1 0.859302712634244 -9999 -9999 -9999
-9999 -9999 -9999 1 1 1 1 -9999 1 -9999 -9999 -9999 -9999 1 1 1 -9999 1 1 1 1 1 1 1 1 1 1 1 1 1 1 1 1 1 1 1 1 1 1 1 1 1 1 1 1 1 -9999 1 1 -9999 -9999 -9999 0.495705773186028 0.357607360254711 0 0 0.278649478173182 1 1 1 0.859438333656264 0.495705773186029 0.495705773186029 0.495705773186028 0.357498305908742 0.138217381308689 0.495705773186029 0.495705773186028 0.495705773186029 0.495705773186029 0.495705773186028 0.495705773186029 0.636388469118492 -9999 -9999 -9999 -9999 -9999
-9999 -9999 -9999 1 1 1 1 1 1 -9999 -9999 -9999 -9999 -9999 -9999 0.635799135225716 1 -9999 1 1 1 1 1 1 1 1 1 1 1 1 1 1 1 1 1 1 1 1 1 1 1 1 1 1 1 1 1 1 -9999 -9999 -9999 -9999 0 0 0 0 0.138122582060881 -9999 -9999 -9999 0.357523536688048 0 0 0 0 0 0.140627758102848 0.504314226725243 0.504314226725244 0.504314226725244 0.504314226725243 0.504314226725244 -9999 -9999 -9999 -9999 -9999 -9999
-9999 -9999 1 1 1 1 1 1 -9999 -9999 -9999 -9999 -9999 -9999 -9999 -9999 -9999 -9999 1 1 -9999 1 0.85981047529061 -9999 0.63587547127103 1 0.859770128894347 -9999 1 1 1 1 1 1 1 1 1 1 1 -9999 1 1 1 1 1 1 1 1 -9999 -9999 -9999 -9999 -9999 -9999 0.504334226636516 0.504334226636515 0.504334226636515 0.64246114896397 1 -9999 -9999 0.504334226636516 0.504334226636515 -9999 0.504334226636516 0.504334226636515 0.642550368047091 1 1 1 1 -9999 -9999 -9999 -9999 -9999 -9999 -9999
0.277529487665143 1 1 1 1 1 1 1 -9999 -9999 -9999 -9999 -9999 -9999 -9999 -9999 -9999 -9999 1 0.859835176922548 -9999 -9999 -9999 -9999 0.137794225524342 0.495645773451571 0.357831722264304 -9999 -9999 1 1 1 1 1 1 1 1 1 1 1 1 1 1 1 1 1 1 1 -9999 -9999 -9999 -9999 -9999 -9999 -9999 1 1 1 1 1 -9999 -9999 -9999 -9999 -9999 1 1 1 1 1 -9999 -9999 -9999 -9999 -9999 -9999 -9999 -9999
-9999 0.635614581599901 -9999 1 1 1 1 1 -9999 -9999 -9999 1 -9999 -9999 -9999 -9999 -9999 -9999 -9999 -9999 0.137749015633389 -9999 -9999 -9999 0 -9999 -9999 -9999 -9999 -9999 -9999 0.495625773540088 0.635927290970323 1 1 1 1 1 1 1 1 1 1 1 1 1 1 1 1 1 1 -9999 -9999 1 1 1 1 1 1 1 1 1 1 1 1 1 1 1 1 1 1 1 1 1 1 1 -9999 -9999
-9999 -9999 -9999 1 1 1 1 1 -9999 -9999 -9999 1 1 -9999 -9999 -9999 -9999 -9999 -9999 -9999 0 -9999 -9999 -9999 -9999 -9999 0 -9999 -9999 -9999 0 -9999 -9999 0.495605773628816 0.635933030021953 1 1 1 1 1 1 1 1 1 0.859571865616521 0.495605773628816 0.636054083610371 1 1 1 1 1 1 1 1 1 1 1 1 1 1 1 1 1 1 1 1 1 1 1 1 1 1 1 1 1 -9999 -9999
-9999 -9999 -9999 1 1 1 1 1 -9999 -9999 -9999 1 1 -9999 -9999 -9999 -9999 -9999 -9999 -9999 0 0 -9999 -9999 -9999 -9999 -9999 -9999 -9999 -9999 -9999 -9999 -9999 -9999 -9999 -9999 -9999 1 1 1 1 1 1 1 0.86202422234131 0.504414226282671 0.501955948257811 0.495585773717329 0.495585773717329 0.63606991726089 1 1 1 1 -9999 -9999 -9999 -9999 1 1 1 1 1 1 1 1 1 1 1 -9999 1 1 0.859283827878698 0.636312034037619 1 0.859253563281673 -9999 -9999
-9999 1 -9999 1 1 1 1 1 -9999 -9999 -9999 -9999 1 -9999 -9999 -9999 -9999 -9999 -9999 -9999 -9999 0 -9999 -9999 -9999 -9999 0 0 -9999 -9999 -9999 -9999 -9999 -9999 -9999 -9999 -9999 -9999 0.635944512924782 1 1 1 1 1 1 -9999 -9999 -9999 0.140479625109601 0.642453991845564 1 1 1 1 -9999 -9999 -9999 -9999 -9999 -9999 -9999 1 1 1 1 1 1 1 1 1 1 1 0.721030524538685 0.138257635206518 -9999 0.861722542330545 0.642721595095534 1
-9999 1 1 1 1 1 1 1 1 1 1 1 1 -9999 -9999 -9999 -9999 -9999 -9999 -9999 -9999 -9999 -9999 -9999 -9999 -9999 0 0 -9999 -9999 -9999 -9999 -9999 -9999 -9999 -9999 0 0 -9999 0.495545773894147 0.495545773894147 0.495545773894147 0.635970434774552 1 1 1 -9999 -9999 0.138004284654634 0.636041057767637 1 1 1 1 1 0.859444182132385 0.357462202587617 0 -9999 -9999 -9999 -9999 -9999 1 1 1 1 1 1 1 1 1 0.861757855389678 0.363716806255881 0.279009475122279 1 1 1
0.641997240195465 1 1 1 1 1 1 1 1 1 1 1 1 -9999 -9999 -9999 -9999 -9999 -9999 -9999 1 -9999 -9999 -9999 -9999 0.364215517555147 -9999 -9999 -9999 -9999 -9999 -9999 -9999 -9999 -9999 -9999 0 -9999 -9999 -9999 -9999 0 0.13793925230085 0.635966091627117 1 1 1 -9999 -9999 0.642482851338357 1 1 1 -9999 -9999 -9999 -9999 0 0 -9999 -9999 -9999 -9999 -9999 1 1 1 1 1 1 1 1 0.85926708978425 0.357279298305861 -9999 1 1 1
-9999 1 -9999 1 1 1 1 1 1 1 1 -9999 -9999 -9999 -9999 -9999 -9999 -9999 -9999 -9999 1 1 -9999 -9999 -9999 -9999 -9999 -9999 -9999 -9999 -9999 -9999 -9999 -9999 0 -9999 -9999 -9999 -9999 -9999 -9999 0 0 0.137943594967286 -9999 1 1 1 1 1 1 1 1 1 1 1 0.861927574623209 -9999 -9999 -9999 -9999 -9999 -9999 -9999 -9999 1 1 1 1 1 1 1 0.721030524538685 0 0.279009475122279 1 1 1
-9999 1 1 1 1 -9999 1 -9999 1 1 1 1 1 -9999 1 1 -9999 -9999 -9999 1 1 1 -9999 -9999 -9999 -9999 -9999 -9999 -9999 -9999 -9999 -9999 -9999 -9999 -9999 -9999 -9999 -9999 -9999 -9999 -9999 -9999 0 0 0.137947936833768 0.635957407731755 1 1 1 1 1 1 1 1 1 1 1 1 1 1 -9999 -9999 -9999 -9999 -9999 1 1 1 1 1 1 1 0.721030524538685 0 0.138245225778792 0.495485774159479 0.495485774159479 0.495485774159479
-9999 1 1 1 -9999 -9999 1 1 1 1 1 1 1 1 1 1 1 -9999 1 1 1 1 -9999 -9999 1 1 -9999 -9999 -9999 -9999 -9999 -9999 -9999 -9999 -9999 -9999 -9999 -9999 -9999 -9999 -9999 -9999 0 -9999 -9999 -9999 0.49546577424778 0.635963157583124 1 1 1 1 1 1 1 1 1 1 1 1 1 1 -9999 -9999 -9999 0.859320985882671 0.49546577424778 0.636164969563084 1 -9999 0.859270532887627 0.49546577424778 0.357245947096843 0 0 0 0 0
1 1 1 1 1 -9999 1 1 1 1 1 1 1 1 1 1 1 1 1 1 -9999 -9999 -9999 -9999 1 -9999 -9999 -9999 -9999 -9999 -9999 -9999 -9999 -9999 -9999 -9999 -9999 -9999 -9999 -9999 -9999 -9999 -9999 -9999 0.862063199496095 0.364071454961151 0 0.137966526998404 0.49544577433672 -9999 0.49544577433672 0.49544577433672 0.49544577433672 -9999 -9999 0.49544577433672 0.495445774336719 0.636049637026819 1 1 1 1 1 1 -9999 -9999 -9999 -9999 -9999 0.495445774336719 0.357251344213508 0 0 0 0 0 0 0
1 1 1 1 1 1 1 1 1 1 1 1 1 1 1 1 1 1 1 1 1 -9999 -9999 -9999 -9999 -9999 -9999 -9999 -9999 -9999 -9999 -9999 -9999 -9999 -9999 -9999 -9999 -9999 -9999 -9999 -9999 -9999 0.642485641050699 -9999 -9999 -9999 0.504574225574764 0.504574225574764 0.364055612110641 -9999 -9999 0 -9999 0 0.140579161858199 0.504574225574764 -9999 0.642634267523376 1 0.859370381147024 0.636065484677267 1 1 1 -9999 -9999 -9999 -9999 0 -9999 0 0 0 0 0 0 0 0
1 1 1 1 1 1 1 1 1 1 1 1 1 1 1 1 1 1 1 1 1 1 -9999 -9999 -9999 -9999 -9999 -9999 -9999 -9999 -9999 -9999 -9999 -9999 -9999 -9999 -9999 -9999 -9999 0.642470349502731 1 1 1 -9999 -9999 -9999 1 -9999 -9999 -9999 -9999 -9999 -9999 -9999 -9999 -9999 -9999 -9999 1 0.861925715353292 -9999 1 1 -9999 -9999 -9999 -9999 -9999 -9999 -9999 -9999 0 0 0 0 0 0 0
1 1 -9999 1 1 1 1 1 1 1 1 1 1 1 1 1 1 1 1 1 -9999 -9999 -9999 -9999 -9999 -9999 -9999 -9999 -9999 -9999 -9999 -9999 -9999 -9999 -9999 0.64244515272294 1 1 -9999 1 1 0.859540892398871 -9999 -9999 -9999 -9999 -9999 -9999 -9999 -9999 -9999 -9999 -9999 -9999 -9999 -9999 -9999 -9999 -9999 -9999 -9999 1 1 1 1 -9999 -9999 -9999 -9999 -9999 0.721070524199708 0 0 0 0 0 0 0
