Data/MaxEnt_Env layers_1min/mmp01_1min.asc
ncols         457
nrows         221
xllcorner     17.9129365
yllcorner     -34.8000975
cellsize      0.016667
NODATA_value  -9999
[rows 140 to 174 of 221, columns 316 to 394 of 457]
-9999 -9999 -9999 -9999 -9999 -9999 -9999 -9999 9 9 9 9 8 9 10 10 10 11 12 13 14 15 15 15 16 16 16 16 15 15 -9999 -9999 16 17 16 18 18 20 18 16 14 14 -9999 -9999 -9999 -9999 -9999 -9999 -9999 -9999 -9999 -9999 -9999 -9999 -9999 -9999 -9999 -9999 -9999 -9999 -9999 -9999 -9999 -9999 -9999 -9999 -9999 -9999 -9999 -9999 -9999 -9999 -9999 -9999 -9999 -9999 -9999 -9999 -9999
-9999 -9999 -9999 -9999 -9999 -9999 -9999 -9999 -9999 -9999 10 11 11 -9999 12 12 13 -9999 13 14 14 15 15 15 16 16 16 17 17 17 18 17 16 15 14 14 16 17 16 17 19 22 19 17 15 12 -9999 -9999 -9999 -9999 -9999 -9999 -9999 -9999 -9999 -9999 -9999 -9999 -9999 -9999 -9999 -9999 -9999 -9999 -9999 -9999 -9999 -9999 -9999 -9999 -9999 -9999 -9999 -9999 -9999 -9999 -9999 -9999 -9999
-9999 -9999 -9999 -9999 -9999 -9999 -9999 -9999 -9999 -9999 9 9 -9999 -9999 -9999 10 11 -9999 13 13 15 15 15 15 -9999 -9999 17 16 17 17 15 14 15 18 17 16 18 19 18 16 16 15 14 16 17 20 21 18 15 -9999 -9999 -9999 -9999 -9999 -9999 -9999 -9999 -9999 -9999 -9999 -9999 -9999 -9999 -9999 -9999 -9999 -9999 -9999 -9999 -9999 -9999 -9999 -9999 -9999 -9999 -9999 -9999 -9999 -9999
9 8 -9999 9 -9999 -9999 9 9 10 9 10 10 10 10 10 10 11 11 -9999 13 15 16 16 16 -9999 17 17 17 17 17 17 18 18 20 19 20 -9999 -9999 22 22 19 17 16 18 16 12 12 14 18 21 18 16 12 -9999 -9999 -9999 -9999 -9999 -9999 -9999 -9999 -9999 -9999 -9999 -9999 -9999 -9999 -9999 -9999 -9999 -9999 -9999 -9999 -9999 -9999 -9999 -9999 -9999 -9999
9 9 9 10 9 8 8 9 10 9 9 9 10 10 10 10 11 11 12 13 14 15 14 15 16 17 -9999 -9999 -9999 -9999 -9999 -9999 -9999 18 19 18 18 -9999 -9999 -9999 -9999 -9999 -9999 -9999 -9999 -9999 16 13 12 13 10 12 15 19 19 16 14 14 14 13 12 12 12 11 10 10 -9999 -9999 -9999 -9999 -9999 -9999 -9999 -9999 -9999 -9999 -9999 -9999 -9999
8 8 7 7 8 8 9 9 9 9 10 10 10 10 -9999 -9999 11 12 12 14 15 15 17 18 19 19 20 20 21 21 20 20 20 22 24 -9999 22 21 20 19 16 14 -9999 16 14 15 -9999 -9999 -9999 17 18 17 16 14 12 11 11 13 16 17 16 15 14 12 11 11 12 -9999 -9999 -9999 -9999 -9999 -9999 -9999 -9999 -9999 -9999 -9999 -9999
7 -9999 6 7 8 8 8 -9999 10 9 -9999 9 9 -9999 -9999 -9999 11 12 12 12 13 14 15 15 17 17 17 18 22 23 20 22 22 24 24 24 23 20 19 19 20 19 19 19 18 17 -9999 -9999 -9999 -9999 -9999 -9999 -9999 -9999 17 12 12 13 16 18 18 17 16 14 12 12 13 14 -9999 -9999 -9999 -9999 -9999 -9999 -9999 -9999 -9999 -9999 -9999
-9999 5 5 5 6 -9999 -9999 8 9 -9999 9 -9999 -9999 10 11 11 11 12 13 14 16 16 17 18 20 19 18 16 17 19 19 21 22 23 22 23 23 23 22 22 21 20 19 17 17 19 17 15 -9999 -9999 -9999 -9999 -9999 -9999 -9999 -9999 -9999 -9999 -9999 -9999 20 20 19 17 16 15 14 14 15 17 18 18 18 -9999 19 19 18 19 21
6 3 3 4 5 -9999 -9999 -9999 -9999 -9999 10 10 10 11 11 11 12 14 14 14 15 16 17 17 17 18 21 21 20 21 21 23 21 23 22 22 21 19 18 15 14 13 15 14 15 17 17 19 18 17 19 -9999 -9999 -9999 -9999 -9999 -9999 13 -9999 -9999 -9999 22 21 20 19 19 18 18 17 16 15 16 17 18 18 20 20 20 21
7 4 -9999 4 8 10 11 11 11 11 11 11 12 12 12 13 13 14 14 15 15 16 18 19 21 19 19 20 20 21 20 20 21 22 22 22 20 20 20 21 21 18 17 17 15 14 16 18 16 16 17 18 19 17 -9999 -9999 15 16 17 18 -9999 -9999 -9999 -9999 -9999 19 19 19 20 20 20 20 21 21 21 21 20 20 22
-9999 7 6 7 9 11 12 13 13 13 13 13 14 14 14 15 16 16 17 16 17 17 19 18 21 20 19 18 20 22 22 23 22 21 20 21 21 20 20 20 18 16 14 16 17 13 13 15 15 15 15 14 16 15 -9999 11 15 16 17 18 19 18 -9999 18 -9999 -9999 -9999 -9999 19 21 22 22 21 20 21 22 22 21 21
12 10 11 12 13 14 14 14 15 15 15 15 15 15 15 16 16 17 18 18 19 21 22 22 23 23 22 22 22 21 20 20 20 22 22 22 20 20 21 21 18 16 17 15 15 14 13 12 14 14 15 14 13 13 13 13 13 15 14 16 17 17 19 -9999 18 18 -9999 -9999 -9999 -9999 -9999 20 20 19 -9999 19 22 20 20
14 15 16 17 17 17 16 16 16 16 15 15 15 -9999 -9999 -9999 17 -9999 19 19 19 21 22 21 22 23 23 24 25 24 25 25 24 24 23 23 23 22 20 18 18 16 18 17 17 15 17 17 15 11 12 14 12 12 12 10 11 13 13 14 15 16 16 -9999 18 18 -9999 20 -9999 22 -9999 -9999 -9999 -9999 -9999 -9999 22 21 21
17 17 20 21 20 18 -9999 -9999 18 18 -9999 -9999 15 14 14 -9999 -9999 -9999 -9999 -9999 20 22 22 23 23 24 24 24 25 25 25 24 23 23 22 22 23 24 24 22 22 21 21 20 18 16 15 15 17 14 15 16 14 13 15 14 13 14 13 13 15 16 16 -9999 17 17 17 19 21 20 21 -9999 -9999 -9999 -9999 19 -9999 24 24
-9999 19 20 21 -9999 21 21 20 19 20 18 17 16 14 14 14 15 15 16 17 18 20 21 22 24 25 26 27 27 26 25 23 22 22 23 23 22 23 24 23 22 23 25 25 26 24 24 22 22 17 17 16 14 14 14 13 13 14 14 13 15 16 16 17 17 -9999 17 19 20 20 -9999 21 -9999 -9999 21 -9999 21 22 -9999
22 22 22 23 24 24 25 25 24 21 19 18 16 14 -9999 14 15 15 16 17 18 21 22 23 24 24 24 25 25 25 25 23 21 21 20 19 19 20 22 23 24 25 25 25 24 25 27 26 27 26 26 24 22 22 21 18 16 16 14 13 15 16 16 16 16 17 19 21 21 21 20 20 21 22 22 25 26 -9999 26
-9999 -9999 -9999 -9999 -9999 -9999 -9999 -9999 -9999 19 -9999 -9999 -9999 -9999 -9999 -9999 15 15 16 17 19 22 23 24 25 24 24 24 24 23 22 22 20 19 18 17 17 18 20 23 24 26 26 25 24 -9999 27 26 28 29 29 27 27 28 26 23 22 20 18 18 18 17 17 17 17 18 20 23 22 20 22 25 26 25 26 26 25 24 26
-9999 27 25 23 24 23 -9999 -9999 25 25 24 23 -9999 -9999 -9999 -9999 -9999 -9999 -9999 17 20 23 25 26 26 25 25 24 25 24 23 22 20 18 17 17 17 18 18 19 20 21 22 24 26 -9999 -9999 -9999 29 31 29 27 28 29 27 25 25 23 23 23 22 22 21 21 20 20 22 22 22 20 23 24 23 24 25 25 25 23 25
36 37 33 30 26 26 26 -9999 26 24 25 26 -9999 23 -9999 -9999 -9999 -9999 -9999 -9999 -9999 25 27 -9999 29 27 24 24 25 24 22 21 19 16 15 16 17 18 19 19 -9999 19 18 -9999 21 -9999 -9999 22 -9999 27 28 27 29 30 28 25 26 24 25 26 26 26 26 25 24 23 22 23 24 22 -9999 24 25 23 24 25 26 25 25
41 34 33 33 31 28 28 27 24 25 25 24 23 23 -9999 23 23 23 -9999 -9999 -9999 27 -9999 -9999 -9999 -9999 -9999 -9999 25 25 23 21 18 14 13 15 16 18 19 18 19 19 19 21 22 23 22 22 22 22 -9999 21 21 22 -9999 23 25 24 23 24 26 26 27 28 27 26 25 24 24 23 25 28 29 28 28 26 30 26 24
46 46 38 38 40 39 37 32 32 34 34 33 33 30 27 25 25 25 26 28 28 29 -9999 -9999 34 -9999 -9999 -9999 27 26 25 22 19 15 13 14 17 19 19 17 16 18 -9999 23 -9999 25 24 25 24 -9999 -9999 25 -9999 24 -9999 24 25 23 23 23 23 25 -9999 26 -9999 26 25 25 24 24 25 25 27 29 31 29 30 27 28
45 53 58 54 48 47 48 44 43 39 37 39 39 37 35 34 34 33 32 30 30 33 33 34 35 -9999 -9999 -9999 -9999 -9999 -9999 -9999 -9999 -9999 -9999 17 20 21 20 16 13 18 -9999 -9999 26 26 25 25 26 27 27 28 27 26 27 27 25 25 25 24 23 23 -9999 -9999 22 -9999 -9999 23 -9999 -9999 25 -9999 25 -9999 29 -9999 26 27 26
42 44 41 42 43 45 41 40 37 36 34 33 33 36 36 38 38 37 35 33 34 36 38 39 37 35 36 -9999 34 33 32 -9999 -9999 -9999 -9999 -9999 25 -9999 -9999 -9999 -9999 -9999 -9999 -9999 -9999 -9999 -9999 27 -9999 28 28 29 29 -9999 28 29 28 29 29 28 26 24 23 22 21 22 -9999 22 23 -9999 -9999 25 25 26 25 -9999 28 26 29
46 49 41 43 44 41 42 41 41 39 36 35 35 37 38 39 38 37 40 39 42 41 41 42 42 40 37 -9999 36 -9999 34 34 30 -9999 28 29 31 29 29 28 -9999 30 -9999 -9999 -9999 34 33 -9999 -9999 30 31 31 31 31 31 31 31 31 31 -9999 28 29 27 25 22 -9999 24 23 23 25 26 26 26 26 28 29 31 31 29
51 52 49 47 48 51 43 47 43 39 40 43 43 43 45 45 47 45 43 43 43 43 43 43 41 41 44 46 44 43 37 37 33 -9999 32 34 33 34 33 34 35 36 -9999 -9999 -9999 -9999 -9999 38 -9999 -9999 34 35 36 35 34 33 33 33 35 36 -9999 -9999 -9999 -9999 -9999 24 24 25 26 28 29 -9999 29 29 -9999 -9999 33 32 29
49 51 48 51 50 57 55 43 43 43 44 45 48 49 55 53 52 51 52 51 48 44 45 45 45 45 50 51 52 52 47 45 42 42 44 43 42 38 38 39 38 40 -9999 42 42 43 45 44 42 -9999 -9999 -9999 -9999 -9999 -9999 -9999 35 36 38 38 36 37 35 32 -9999 -9999 -9999 24 26 28 30 32 33 -9999 31 30 29 31 34
54 60 61 61 58 59 57 -9999 51 48 46 50 52 54 -9999 60 54 55 56 50 53 51 52 53 54 55 58 55 56 57 55 51 50 54 53 50 -9999 49 44 45 43 46 50 51 50 49 49 47 47 46 45 43 44 -9999 38 -9999 -9999 35 40 43 43 40 36 33 29 26 25 27 -9999 32 30 -9999 -9999 33 34 31 29 32 -9999
-9999 -9999 55 60 66 -9999 51 46 45 -9999 49 -9999 61 -9999 71 71 67 65 65 63 60 55 56 57 60 64 66 65 65 63 59 -9999 55 57 59 60 64 63 61 58 57 58 58 54 52 54 54 48 46 45 46 45 44 43 41 39 37 37 -9999 -9999 -9999 -9999 40 37 34 32 31 32 32 34 37 37 34 31 -9999 -9999 36 34 32
-9999 -9999 -9999 -9999 67 -9999 -9999 -9999 40 41 -9999 52 60 -9999 73 73 70 -9999 -9999 -9999 61 59 59 62 67 71 74 -9999 76 71 67 63 59 63 67 72 78 76 -9999 70 70 67 67 64 58 60 60 57 51 52 50 49 46 46 41 43 42 42 44 44 -9999 -9999 -9999 -9999 -9999 34 38 41 -9999 41 38 37 35 35 -9999 -9999 32 33 33
-9999 -9999 64 -9999 -9999 -9999 -9999 -9999 -9999 -9999 -9999 -9999 -9999 62 64 -9999 -9999 58 -9999 -9999 -9999 60 63 -9999 -9999 -9999 -9999 77 75 -9999 -9999 -9999 -9999 -9999 -9999 -9999 -9999 81 81 78 75 80 81 74 -9999 67 69 69 66 65 63 60 55 55 50 50 47 46 44 43 43 -9999 41 38 37 -9999 -9999 -9999 -9999 42 44 43 40 37 34 35 35 -9999 -9999
-9999 -9999 60 60 59 -9999 -9999 -9999 -9999 -9999 45 -9999 54 -9999 -9999 -9999 64 62 62 58 57 -9999 -9999 -9999 -9999 -9999 -9999 -9999 -9999 -9999 -9999 -9999 -9999 -9999 -9999 -9999 -9999 -9999 -9999 -9999 -9999 -9999 -9999 80 75 75 80 81 80 77 75 69 68 66 66 67 67 60 53 47 44 44 42 38 40 43 -9999 45 45 43 -9999 -9999 -9999 40 -9999 39 36 33 34
-9999 -9999 63 65 -9999 -9999 -9999 -9999 -9999 50 51 53 55 58 60 -9999 63 -9999 -9999 -9999 -9999 -9999 -9999 -9999 -9999 -9999 -9999 -9999 -9999 -9999 -9999 -9999 -9999 -9999 -9999 -9999 -9999 -9999 -9999 -9999 -9999 -9999 -9999 -9999 -9999 -9999 -9999 88 -9999 84 80 76 79 79 80 80 81 75 67 61 57 53 51 48 -9999 42 41 40 43 45 47 -9999 -9999 40 -9999 -9999 39 38 37
-9999 -9999 65 64 -9999 -9999 64 55 50 47 48 49 -9999 -9999 -9999 -9999 -9999 -9999 -9999 -9999 -9999 -9999 -9999 -9999 -9999 -9999 -9999 -9999 -9999 -9999 -9999 -9999 -9999 -9999 -9999 -9999 -9999 -9999 -9999 -9999 -9999 -9999 -9999 62 -9999 -9999 -9999 -9999 -9999 -9999 -9999 -9999 -9999 -9999 -9999 -9999 -9999 -9999 -9999 -9999 -9999 -9999 51 -9999 -9999 -9999 -9999 -9999 48 47 -9999 45 -9999 44 -9999 -9999 36 35 -9999
-9999 -9999 -9999 -9999 -9999 66 -9999 -9999 59 49 42 -9999 -9999 -9999 -9999 -9999 -9999 -9999 -9999 -9999 -9999 -9999 -9999 -9999 -9999 -9999 -9999 -9999 -9999 -9999 -9999 -9999 -9999 -9999 -9999 -9999 -9999 -9999 -9999 -9999 -9999 -9999 -9999 -9999 -9999 -9999 -9999 -9999 -9999 -9999 69 -9999 -9999 -9999 -9999 -9999 -9999 -9999 -9999 -9999 -9999 -9999 -9999 -9999 -9999 -9999 -9999 -9999 -9999 -9999 -9999 52 47 41 42 -9999 -9999 40 -9999
-9999 -9999 72 70 65 -9999 67 65 57 46 -9999 -9999 -9999 -9999 -9999 -9999 -9999 -9999 -9999 -9999 -9999 -9999 -9999 -9999 -9999 -9999 -9999 -9999 -9999 -9999 -9999 -9999 -9999 -9999 -9999 -9999 -9999 -9999 -9999 -9999 -9999 -9999 -9999 -9999 -9999 -9999 -9999 -9999 -9999 -9999 -9999 -9999 -9999 -9999 -9999 -9999 -9999 -9999 -9999 -9999 -9999 -9999 -9999 -9999 -9999 -9999 -9999 -9999 -9999 51 53 -9999 -9999 -9999 -9999 -9999 37 -9999 39
