Data/MaxEnt_Env layers_1min/mmp01_1min.asc
ncols         457
nrows         221
xllcorner     17.9129365
yllcorner     -34.8000975
cellsize      0.016667
NODATA_value  -9999
[rows 140 to 174 of 221, columns 79 to 157 of 457]
6 7 9 9 9 8 8 8 6 6 6 7 6 4 3 3 3 5 4 5 3 3 4 4 -9999 -9999 -9999 3 3 2 2 3 3 3 3 -9999 -9999 3 3 3 3 3 3 -9999 3 -9999 -9999 -9999 -9999 -9999 -9999 -9999 -9999 -9999 -9999 2 2 -9999 -9999 -9999 -9999 -9999 3 3 -9999 -9999 -9999 3 3 3 3 3 4 4 4 4 4 4 4
7 6 7 7 9 8 7 7 6 7 4 3 2 2 2 3 3 5 4 3 4 5 -9999 -9999 -9999 -9999 -9999 3 3 -9999 3 3 3 -9999 -9999 -9999 -9999 3 3 3 4 3 3 4 3 3 3 3 -9999 -9999 -9999 -9999 -9999 2 2 -9999 -9999 -9999 -9999 -9999 2 3 3 3 3 -9999 3 3 4 4 4 -9999 -9999 -9999 -9999 -9999 -9999 -9999 -9999
-9999 8 8 7 8 8 6 7 6 5 4 5 4 4 3 3 4 4 4 4 -9999 -9999 -9999 -9999 -9999 -9999 4 4 4 3 3 3 3 3 3 -9999 3 -9999 3 3 4 4 4 4 4 3 3 -9999 -9999 -9999 -9999 -9999 -9999 -9999 2 2 2 2 2 2 3 3 3 3 3 -9999 -9999 3 4 -9999 -9999 -9999 -9999 -9999 -9999 -9999 -9999 6 6
-9999 -9999 -9999 7 7 7 6 5 5 4 3 3 3 3 3 4 4 4 -9999 -9999 -9999 -9999 -9999 4 4 4 3 3 3 3 3 3 3 3 3 -9999 -9999 -9999 4 3 4 4 4 4 4 4 3 -9999 -9999 -9999 -9999 2 2 2 2 2 2 3 3 2 3 3 3 3 3 -9999 -9999 -9999 -9999 -9999 -9999 -9999 -9999 -9999 -9999 6 6 6 6
-9999 -9999 7 7 7 6 5 4 4 5 3 3 4 3 3 4 4 5 -9999 -9999 5 4 4 3 3 3 3 3 3 3 3 3 3 3 -9999 -9999 4 -9999 -9999 -9999 -9999 4 4 4 4 4 4 4 4 3 3 3 3 3 3 2 3 3 3 3 3 3 3 3 -9999 -9999 -9999 -9999 -9999 -9999 -9999 -9999 -9999 -9999 6 6 7 8 8
-9999 -9999 7 7 6 -9999 4 4 4 4 2 3 3 4 4 4 4 5 5 5 5 4 3 4 4 4 4 4 4 4 3 3 3 3 4 -9999 4 4 -9999 -9999 -9999 4 5 5 4 4 3 4 4 4 4 3 3 3 3 3 2 3 3 3 3 3 -9999 -9999 -9999 -9999 -9999 -9999 -9999 -9999 -9999 -9999 -9999 -9999 6 6 -9999 7 8
-9999 -9999 -9999 -9999 6 5 -9999 4 4 4 3 3 3 3 4 5 5 6 5 4 5 4 5 4 4 3 3 3 3 3 3 4 3 4 4 4 4 -9999 -9999 -9999 -9999 5 5 5 5 5 -9999 -9999 -9999 4 4 3 3 3 3 4 3 3 3 3 3 -9999 -9999 -9999 -9999 -9999 -9999 -9999 -9999 -9999 -9999 -9999 -9999 -9999 -9999 -9999 -9999 -9999 5
-9999 -9999 -9999 -9999 -9999 -9999 -9999 4 4 -9999 4 4 -9999 4 4 5 -9999 6 6 6 5 5 5 4 3 4 3 3 -9999 3 3 4 4 4 4 4 5 -9999 -9999 -9999 -9999 -9999 -9999 6 6 6 6 6 -9999 -9999 5 3 -9999 4 4 4 4 3 4 3 -9999 -9999 -9999 -9999 -9999 -9999 -9999 -9999 -9999 -9999 -9999 -9999 -9999 -9999 -9999 -9999 -9999 -9999 -9999
-9999 -9999 -9999 -9999 -9999 -9999 -9999 3 3 -9999 -9999 -9999 -9999 3 4 4 -9999 -9999 5 5 5 5 4 4 3 3 3 2 3 3 3 4 4 4 4 5 5 -9999 -9999 -9999 -9999 -9999 -9999 -9999 6 5 5 6 5 -9999 -9999 -9999 -9999 -9999 4 3 3 4 4 -9999 -9999 -9999 -9999 -9999 -9999 -9999 -9999 -9999 -9999 -9999 -9999 -9999 -9999 -9999 -9999 -9999 -9999 -9999 -9999
9 -9999 -9999 -9999 -9999 -9999 -9999 -9999 -9999 4 -9999 -9999 -9999 2 -9999 -9999 -9999 -9999 -9999 -9999 5 4 4 4 4 4 3 3 3 3 4 4 4 5 5 6 6 6 6 6 -9999 -9999 7 8 9 7 7 6 5 5 4 4 4 3 3 3 3 3 4 4 4 4 3 3 2 -9999 -9999 -9999 -9999 -9999 -9999 -9999 -9999 -9999 -9999 -9999 -9999 -9999 -9999
8 8 -9999 -9999 -9999 -9999 -9999 -9999 -9999 4 -9999 -9999 -9999 -9999 -9999 3 -9999 -9999 -9999 4 -9999 -9999 3 3 3 3 3 4 3 4 4 5 4 4 5 5 6 7 7 7 8 8 9 9 9 9 8 7 6 5 4 4 4 3 3 3 3 3 3 3 4 3 4 3 2 -9999 -9999 -9999 -9999 -9999 -9999 -9999 -9999 -9999 -9999 -9999 -9999 -9999 -9999
7 7 -9999 -9999 -9999 -9999 -9999 -9999 -9999 4 4 -9999 -9999 -9999 -9999 -9999 -9999 -9999 -9999 -9999 -9999 -9999 -9999 -9999 -9999 -9999 3 4 4 4 4 4 5 5 4 5 6 7 7 7 8 8 7 -9999 -9999 -9999 -9999 6 5 5 5 5 5 4 3 3 3 3 -9999 3 3 4 3 3 2 -9999 -9999 -9999 -9999 -9999 -9999 -9999 -9999 -9999 -9999 -9999 -9999 -9999 -9999
-9999 8 -9999 -9999 -9999 -9999 -9999 -9999 -9999 -9999 3 -9999 -9999 -9999 -9999 4 3 -9999 -9999 -9999 -9999 -9999 -9999 -9999 -9999 -9999 -9999 4 4 4 4 5 4 4 -9999 -9999 -9999 7 7 8 8 8 8 -9999 -9999 -9999 -9999 -9999 -9999 -9999 4 4 5 4 4 3 3 3 3 3 3 4 3 -9999 3 3 3 4 -9999 -9999 -9999 -9999 -9999 -9999 -9999 -9999 -9999 -9999 -9999
9 8 -9999 -9999 -9999 -9999 -9999 -9999 -9999 -9999 -9999 -9999 -9999 -9999 -9999 6 3 -9999 -9999 -9999 -9999 -9999 -9999 -9999 -9999 2 3 -9999 4 3 3 5 5 4 5 -9999 -9999 8 8 8 8 8 9 9 8 7 6 -9999 -9999 -9999 -9999 -9999 3 4 3 3 3 3 4 4 4 4 4 3 3 4 4 5 7 9 12 -9999 -9999 -9999 -9999 -9999 -9999 -9999 -9999
9 8 -9999 -9999 -9999 -9999 -9999 -9999 -9999 4 -9999 -9999 -9999 -9999 6 -9999 -9999 -9999 -9999 -9999 -9999 -9999 -9999 -9999 -9999 3 -9999 -9999 -9999 -9999 3 4 6 6 6 6 -9999 -9999 8 9 9 9 -9999 -9999 -9999 -9999 7 5 -9999 -9999 -9999 -9999 -9999 3 3 3 4 4 5 5 5 6 5 -9999 4 4 5 6 7 10 13 15 16 -9999 -9999 -9999 -9999 -9999 -9999
-9999 -9999 -9999 -9999 -9999 -9999 -9999 -9999 -9999 5 5 -9999 -9999 -9999 -9999 -9999 -9999 -9999 -9999 -9999 -9999 -9999 -9999 2 -9999 -9999 -9999 -9999 -9999 -9999 3 4 5 -9999 8 7 7 7 7 9 10 11 11 12 12 11 -9999 -9999 -9999 -9999 -9999 -9999 -9999 -9999 4 5 6 6 6 6 5 6 6 6 5 5 5 6 7 9 12 14 15 14 12 10 -9999 -9999 -9999
10 9 -9999 7 6 -9999 -9999 -9999 5 5 5 -9999 -9999 -9999 -9999 -9999 -9999 -9999 -9999 -9999 -9999 -9999 -9999 -9999 -9999 -9999 -9999 -9999 -9999 -9999 -9999 5 6 6 7 8 9 10 12 12 12 11 11 9 8 10 11 11 8 -9999 -9999 -9999 -9999 -9999 4 6 7 7 7 6 5 4 5 6 6 5 5 6 7 8 10 12 12 12 -9999 -9999 -9999 -9999 -9999
10 9 8 7 6 5 -9999 4 6 5 5 -9999 -9999 4 5 -9999 -9999 -9999 -9999 -9999 -9999 -9999 -9999 -9999 -9999 -9999 -9999 -9999 -9999 -9999 -9999 6 -9999 -9999 -9999 7 8 10 11 13 13 14 14 10 12 14 14 10 8 7 5 -9999 -9999 -9999 5 6 7 6 -9999 5 5 4 4 5 6 5 5 6 7 8 9 10 11 10 10 8 7 6 -9999
10 9 8 7 7 6 5 5 5 -9999 -9999 -9999 -9999 4 -9999 -9999 -9999 -9999 -9999 -9999 -9999 -9999 -9999 -9999 -9999 -9999 -9999 -9999 -9999 -9999 -9999 -9999 -9999 8 7 7 8 9 -9999 9 10 13 -9999 -9999 12 16 19 17 12 7 5 5 4 -9999 -9999 -9999 -9999 -9999 5 4 4 4 4 5 5 5 6 6 7 7 8 8 8 8 8 7 6 6 5
9 9 8 7 7 6 5 5 5 4 -9999 -9999 -9999 -9999 -9999 -9999 -9999 -9999 -9999 -9999 -9999 -9999 -9999 -9999 -9999 -9999 -9999 -9999 -9999 -9999 -9999 6 -9999 -9999 -9999 7 8 8 -9999 -9999 9 -9999 13 13 13 -9999 19 16 12 9 7 6 5 -9999 -9999 -9999 -9999 6 -9999 5 5 4 5 5 5 6 7 7 7 7 6 6 7 6 6 6 6 6 5
9 8 8 7 7 6 5 5 4 3 2 -9999 -9999 -9999 -9999 -9999 -9999 -9999 -9999 -9999 -9999 -9999 -9999 -9999 -9999 -9999 -9999 -9999 4 4 5 6 -9999 -9999 -9999 5 -9999 -9999 -9999 -9999 -9999 -9999 -9999 -9999 -9999 -9999 -9999 13 9 -9999 6 6 -9999 -9999 -9999 -9999 -9999 -9999 -9999 -9999 6 6 6 6 7 7 8 8 7 6 6 5 5 5 5 5 5 5 5
8 7 7 7 7 7 6 5 4 -9999 -9999 -9999 -9999 -9999 -9999 -9999 -9999 -9999 -9999 -9999 -9999 -9999 -9999 -9999 4 5 4 -9999 5 5 5 -9999 -9999 -9999 -9999 -9999 -9999 -9999 -9999 -9999 -9999 -9999 -9999 -9999 -9999 -9999 -9999 -9999 -9999 -9999 6 6 7 8 -9999 -9999 -9999 -9999 -9999 6 6 6 7 7 7 8 8 8 8 8 6 5 4 4 4 4 4 5 5
8 7 7 8 8 7 7 6 4 -9999 -9999 -9999 -9999 -9999 -9999 -9999 -9999 -9999 -9999 -9999 4 4 4 4 4 5 4 -9999 -9999 3 -9999 -9999 -9999 -9999 -9999 -9999 -9999 -9999 -9999 -9999 -9999 -9999 -9999 -9999 -9999 -9999 -9999 -9999 -9999 5 -9999 -9999 7 6 6 8 8 7 -9999 -9999 -9999 -9999 -9999 -9999 -9999 -9999 7 8 8 8 7 5 4 3 2 3 3 4 4
9 7 8 8 8 8 7 6 -9999 -9999 -9999 -9999 -9999 -9999 -9999 -9999 2 2 3 4 5 5 5 5 5 5 -9999 -9999 -9999 -9999 -9999 -9999 -9999 4 -9999 -9999 -9999 -9999 -9999 -9999 -9999 -9999 -9999 -9999 -9999 -9999 -9999 -9999 -9999 -9999 -9999 -9999 -9999 -9999 7 5 7 8 -9999 -9999 -9999 -9999 -9999 6 -9999 -9999 6 7 7 7 7 5 3 1 1 1 2 3 4
10 9 9 9 9 9 8 -9999 -9999 -9999 -9999 4 4 4 -9999 3 2 3 3 4 5 6 6 -9999 -9999 -9999 -9999 -9999 -9999 -9999 -9999 -9999 -9999 -9999 -9999 -9999 -9999 -9999 -9999 -9999 -9999 -9999 -9999 -9999 -9999 -9999 -9999 -9999 -9999 -9999 -9999 5 -9999 -9999 -9999 7 6 7 9 -9999 8 -9999 -9999 -9999 6 6 6 6 -9999 7 6 6 4 1 0 1 2 3 4
11 10 10 10 10 10 9 -9999 -9999 4 -9999 -9999 5 -9999 -9999 3 3 3 4 5 5 -9999 -9999 -9999 -9999 -9999 -9999 -9999 -9999 -9999 -9999 -9999 -9999 4 4 5 5 -9999 -9999 -9999 -9999 -9999 -9999 -9999 -9999 -9999 -9999 -9999 -9999 -9999 -9999 5 5 6 -9999 -9999 -9999 8 8 9 -9999 -9999 9 8 -9999 7 6 6 -9999 6 6 6 4 2 1 1 3 4 5
12 11 10 -9999 12 13 10 -9999 -9999 -9999 -9999 -9999 -9999 -9999 -9999 -9999 -9999 -9999 -9999 -9999 -9999 -9999 -9999 -9999 -9999 -9999 -9999 -9999 -9999 -9999 -9999 3 3 4 4 4 4 -9999 -9999 -9999 6 6 6 6 6 6 -9999 -9999 -9999 -9999 5 5 5 5 6 7 8 -9999 10 9 10 11 11 -9999 -9999 -9999 -9999 8 -9999 5 5 6 6 4 3 3 -9999 5 7
13 11 -9999 -9999 17 14 11 -9999 -9999 -9999 -9999 -9999 -9999 -9999 -9999 -9999 -9999 -9999 -9999 -9999 8 9 -9999 -9999 -9999 -9999 -9999 -9999 -9999 -9999 3 3 3 3 4 4 -9999 -9999 -9999 -9999 5 5 6 6 5 -9999 -9999 -9999 5 5 6 5 5 5 6 7 8 -9999 -9999 14 14 13 13 13 13 12 13 12 10 8 -9999 -9999 8 6 -9999 -9999 -9999 7 8
12 -9999 -9999 -9999 13 13 11 -9999 -9999 7 6 6 5 6 6 7 7 8 9 9 9 9 -9999 -9999 -9999 -9999 -9999 -9999 5 -9999 3 3 3 3 3 3 -9999 -9999 -9999 -9999 4 5 6 5 -9999 5 -9999 -9999 -9999 5 5 5 -9999 -9999 -9999 -9999 -9999 11 -9999 -9999 -9999 19 17 14 14 14 13 13 12 12 -9999 12 12 9 -9999 -9999 -9999 -9999 10
12 11 10 -9999 11 10 10 9 8 7 7 6 6 6 7 8 8 9 9 10 10 9 9 -9999 -9999 -9999 -9999 7 6 4 3 2 2 2 3 -9999 -9999 -9999 4 4 4 5 5 5 5 5 4 -9999 -9999 -9999 -9999 -9999 -9999 4 -9999 -9999 -9999 8 -9999 -9999 -9999 -9999 22 19 17 15 15 15 15 15 16 17 17 -9999 -9999 -9999 -9999 10 13
10 11 10 10 -9999 -9999 9 8 7 8 7 7 7 7 7 8 8 10 12 11 10 -9999 -9999 -9999 -9999 -9999 10 8 6 4 3 2 1 0 -9999 -9999 -9999 4 4 4 -9999 -9999 -9999 5 4 5 4 -9999 -9999 -9999 -9999 4 -9999 -9999 -9999 -9999 -9999 -9999 -9999 -9999 -9999 -9999 -9999 -9999 22 22 21 20 21 22 24 26 26 21 17 14 14 15 18
11 11 -9999 -9999 -9999 -9999 8 7 7 7 7 8 8 7 7 10 12 12 12 11 -9999 -9999 12 -9999 12 12 11 9 7 5 -9999 -9999 0 -9999 -9999 -9999 -9999 5 5 5 -9999 4 4 4 5 4 4 4 -9999 -9999 5 5 -9999 -9999 -9999 -9999 -9999 -9999 -9999 -9999 -9999 -9999 -9999 -9999 -9999 25 25 26 27 31 36 42 46 40 32 27 25 25 29
10 9 -9999 -9999 -9999 -9999 8 7 8 9 9 9 9 10 11 12 11 12 12 13 14 13 13 13 13 12 10 9 7 5 4 2 1 0 1 -9999 -9999 6 6 -9999 5 5 5 5 5 5 -9999 4 4 5 5 5 6 6 6 6 -9999 -9999 -9999 -9999 -9999 -9999 -9999 -9999 -9999 -9999 -9999 -9999 -9999 -9999 -9999 -9999 -9999 52 -9999 38 35 36 37
8 -9999 -9999 -9999 -9999 8 7 -9999 9 11 12 13 13 14 13 13 12 13 14 15 15 15 16 17 16 14 11 9 8 6 5 4 2 2 3 4 6 6 7 -9999 7 8 -9999 -9999 -9999 -9999 -9999 6 5 5 5 -9999 -9999 -9999 -9999 -9999 -9999 -9999 -9999 -9999 -9999 -9999 -9999 -9999 -9999 -9999 -9999 -9999 -9999 -9999 -9999 -9999 -9999 -9999 -9999 -9999 -9999 -9999 -9999
-9999 -9999 -9999 -9999 -9999 8 8 -9999 10 11 12 13 13 13 13 14 15 15 14 15 16 17 21 23 20 17 14 11 9 8 6 5 4 5 5 6 7 7 8 9 9 9 -9999 8 -9999 -9999 -9999 -9999 -9999 6 -9999 -9999 -9999 7 -9999 -9999 -9999 -9999 -9999 -9999 -9999 -9999 -9999 -9999 -9999 -9999 -9999 -9999 -9999 -9999 -9999 -9999 -9999 -9999 -9999 -9999 -9999 -9999 -9999
