Data/MaxEnt_Env layers_1min/ph2_1min.asc
NCOLS 486 
NROWS 242 
XLLCORNER 17.7462665 
YLLCORNER -34.9334335 
CELLSIZE 0.016667 
NODATA_value -9999 
[rows 136 to 169 of 242, columns 76 to 151 of 486]
-9999 0.722490512165765 -9999 0.137705004530465 0.358430843877527 0.139864636963242 0.50385422876066 0.64159892461643 -9999 -9999 0.862225535650167 0.641638615941783 1 -9999 -9999 1 1 0.860014439046698 0.636141409191882 -9999 -9999 1 1 1 -9999 -9999 -9999 -9999 1 0.859893515056561 0.636262333181971 1 1 1 1 1 1 1 1 1 0.859782668065634 0.498291108051829 -9999 -9999 -9999 -9999 -9999 -9999 -9999 -9999 -9999 -9999 -9999 -9999 -9999 -9999 -9999 -9999 -9999 -9999 0.636564643157174 1 1 1 1 1 1 1 1 1 1 1 1 1 -9999 -9999
-9999 0.722490512165766 0 0 0.139860111329375 0.641593527100412 1 -9999 -9999 -9999 -9999 1 1 -9999 -9999 0.860029037279785 0.49612577132743 0.498278521242123 0.641722518707808 -9999 1 1 1 1 1 -9999 1 1 1 0.862042563220091 0.641841587883833 1 1 1 1 1 1 -9999 1 1 0.86193341647539 0.641950734628474 -9999 -9999 -9999 -9999 -9999 -9999 -9999 -9999 -9999 -9999 -9999 -9999 -9999 -9999 -9999 -9999 0.636530062211956 0.861744890280049 0.642139260823874 1 1 1 1 1 1 1 1 -9999 -9999 -9999 -9999 -9999 1 -9999
-9999 0.862325941462694 0.364048721487546 0 0.1377038246314 -9999 -9999 -9999 -9999 -9999 -9999 1 -9999 -9999 -9999 -9999 0 0.277829485122368 -9999 -9999 1 0.859963014719731 0.636152834495609 1 1 1 1 1 1 1 1 1 1 1 1 1 1 1 1 1 1 1 1 1 0.721630519453834 -9999 -9999 1 -9999 -9999 -9999 -9999 -9999 -9999 -9999 0.859620369548199 0.636495479667326 0.861770307707542 0.642133842907658 1 1 1 1 1 1 1 1 -9999 -9999 1 -9999 -9999 -9999 -9999 1 1
-9999 -9999 0.722470512334858 0.139861135860434 0.503914228495114 -9999 -9999 -9999 -9999 -9999 -9999 1 1 -9999 -9999 -9999 0 0.277829485122368 -9999 1 1 0.862133059000851 0.641791091125627 1 1 1 1 1 1 1 -9999 -9999 -9999 1 1 1 1 1 1 1 -9999 1 1 0.859735736173218 0.498264975010734 0.642019288646531 1 1 0.859685345177374 0.357941024828055 0.14033481122092 -9999 0.496085771504886 -9999 0.642108583328723 0.861795723535132 0.642128426591528 1 1 1 1 1 1 1 1 -9999 -9999 -9999 -9999 -9999 1 1 1 1 1 1
-9999 -9999 0.722470512334857 0.277549487495352 1 -9999 -9999 -9999 -9999 -9999 -9999 1 -9999 -9999 -9999 -9999 0 0.277829485122368 1 -9999 1 1 1 1 1 1 1 1 1 -9999 -9999 -9999 -9999 -9999 1 1 1 1 1 1 1 1 1 0.861920350076228 0.642023799561788 1 1 1 0.721550520131848 0.140330302386689 0.642083326949855 0.861840980225405 0.503934228406601 0.642113090643875 1 1 1 1 1 1 1 1 1 1 -9999 -9999 -9999 1 1 1 1 1 1 1 1 1
-9999 -9999 0.862332671126776 0.641631478022944 -9999 -9999 -9999 -9999 -9999 -9999 -9999 1 -9999 -9999 -9999 -9999 0 0.277829485122368 1 -9999 -9999 1 1 1 1 1 1 1 1 1 -9999 -9999 -9999 -9999 1 1 1 1 -9999 1 1 1 1 1 1 1 1 0.859684286246599 0.357922084565983 0.138133607946822 0.636391722432408 1 1 1 1 1 1 -9999 1 1 1 -9999 -9999 1 1 1 1 1 1 1 1 1 1 -9999 1 1
-9999 -9999 1 1 -9999 -9999 -9999 -9999 -9999 -9999 -9999 1 1 -9999 -9999 0.722210514538596 0.140008820944969 0.641784813008127 -9999 -9999 1 -9999 1 1 1 1 1 1 1 1 1 1 -9999 -9999 -9999 1 1 -9999 1 1 1 1 1 1 1 1 1 0.86189180228084 0.503974228229783 0.503974228229782 0.642112187243098 1 1 1 1 1 -9999 -9999 1 1 1 1 -9999 1 1 1 1 -9999 -9999 -9999 -9999 -9999 -9999 -9999 -9999 -9999
-9999 -9999 -9999 1 -9999 -9999 -9999 -9999 -9999 -9999 -9999 1 1 1 -9999 0.358220583708207 0.27780948529204 -9999 -9999 -9999 -9999 -9999 -9999 1 1 1 1 1 1 1 1 1 1 -9999 -9999 1 -9999 1 1 1 1 0.859733627911536 0.636282223746351 1 1 1 1 1 1 1 1 1 1 1 1 1 -9999 -9999 1 1 1 1 1 1 1 -9999 -9999 -9999 -9999 -9999 -9999 -9999 -9999 -9999 -9999 -9999
-9999 -9999 -9999 -9999 -9999 -9999 -9999 -9999 -9999 -9999 -9999 1 1 0.860010307322272 0.358216059193204 0 0.27780948529204 -9999 -9999 -9999 -9999 -9999 -9999 -9999 -9999 1 -9999 -9999 1 -9999 -9999 1 1 1 -9999 1 -9999 -9999 -9999 1 0.859738141945642 0.357948229146189 -9999 0.63627787059897 1 1 1 1 0.859657500352563 0.495985771947247 0.636348431992927 1 1 1 1 1 1 1 1 1 1 -9999 -9999 1 -9999 -9999 -9999 -9999 -9999 -9999 -9999 -9999 -9999 1 1 1
-9999 -9999 -9999 0.862344954156297 0.641699193039549 -9999 -9999 -9999 -9999 -9999 -9999 -9999 1 0.862245761842537 0.364028899722386 0 -9999 -9999 -9999 -9999 -9999 -9999 -9999 -9999 -9999 -9999 -9999 1 1 -9999 -9999 1 1 -9999 -9999 -9999 -9999 -9999 0.495965772035549 0.495965772035549 0.357943714630873 0.140277504418496 0.363746642946809 0.138051815098772 0.495965772035549 0.495965772035549 0.636293679449733 1 0.721550520131848 0 0.138121249718436 0.495965772035549 0.636354163044538 1 1 1 1 1 1 1 1 -9999 0.85951080299974 0.636465049634847 -9999 -9999 -9999 -9999 -9999 -9999 -9999 -9999 -9999 -9999 -9999 -9999
-9999 -9999 -9999 1 1 -9999 -9999 1 -9999 -9999 -9999 -9999 -9999 1 0.722230514369077 0 0.27780948529204 -9999 -9999 -9999 -9999 -9999 -9999 -9999 -9999 -9999 -9999 -9999 -9999 -9999 -9999 1 -9999 -9999 0.495945772124277 -9999 -9999 0.721770518267573 0 0.140262908585308 0.504054227875723 0.642080638346808 0.861963670697515 0.363750995294048 0 0.140323394579897 0.642130232503766 1 0.721550520131848 0.140363718576419 0.504054227875723 0.504054227875723 0.642189745492096 1 1 1 1 1 1 -9999 -9999 -9999 0.498205837759171 0.642298852637202 -9999 -9999 -9999 -9999 -9999 -9999 -9999 -9999 -9999 1 -9999 -9999
-9999 -9999 -9999 -9999 0.860084375018909 0.635851478592987 -9999 -9999 -9999 -9999 -9999 -9999 1 1 0.862246953341335 -9999 -9999 -9999 -9999 -9999 -9999 -9999 -9999 -9999 -9999 -9999 -9999 -9999 -9999 1 -9999 -9999 -9999 -9999 0.50407422778721 0.363846079433513 0.2782094819021 0.862018829419482 0.50407422778721 0.642075235230662 1 1 0.859701281852454 0.357885091043911 0 0.13806051803163 0.49592577221279 0.636274897355866 0.721550520131848 0.138100191757209 0.636305141553291 1 1 1 1 -9999 1 1 1 1 1 -9999 0.642303359152516 1 1 1 1 -9999 1 1 1 1 1 1 1 1
1 -9999 -9999 1 0.722430512674107 0.277589487156374 -9999 -9999 -9999 -9999 -9999 -9999 1 1 1 0.86224259067508 0.501819397119408 -9999 -9999 -9999 -9999 -9999 -9999 -9999 -9999 -9999 -9999 -9999 1 -9999 -9999 -9999 0.636109239022719 1 1 0.86204423004725 0.642059915682901 1 1 1 1 0.859705797086603 0.357880576128785 0 0 0.140334530109829 0.504094227698693 0.64216901402812 0.861915295639087 0.504094227698693 0.642198768122368 0.859604979095459 0.495905772301306 0.495905772301307 0.495905772301306 0.636341120402251 1 1 1 1 1 -9999 1 1 1 1 -9999 1 1 1 1 1 1 1 1 1
-9999 -9999 -9999 1 0.722430512674107 -9999 1 -9999 -9999 -9999 -9999 -9999 -9999 1 0.859972450297432 0.635923404291272 -9999 0.501828120133049 0.495885772389608 0.495885772389608 -9999 -9999 -9999 -9999 -9999 -9999 1 1 -9999 -9999 -9999 0.862089464337901 0.642034680903907 0.8597808885144 0.495885772389608 0.636125048273399 1 0.859740559718018 0.636155294870794 1 1 0.721690518945492 0.140309851277568 0.504114227610392 0.504114227610392 0.642163610112031 1 -9999 -9999 -9999 -9999 0.861891111709939 0.504114227610392 0.504114227610392 0.504114227610392 0.642262786425998 1 1 1 -9999 -9999 -9999 -9999 -9999 -9999 -9999 -9999 1 1 -9999 1 1 1 1 1 1
-9999 1 -9999 1 0.722430512674107 0.137647125480601 -9999 -9999 -9999 -9999 -9999 -9999 -9999 -9999 0.862263619436772 0.501837337649713 -9999 0.862233867742598 0.504134227521879 0.364050709458732 0 -9999 -9999 -9999 -9999 -9999 1 1 0.859825738544824 -9999 0.278089482919056 1 0.859785408148462 0.357940964518249 0 0.278189482071464 1 0.862035523114563 0.642108621638813 0.859714829954644 0.495865772478121 0.498166961910472 0.642148290564378 -9999 -9999 1 1 1 -9999 -9999 -9999 1 1 -9999 -9999 -9999 -9999 -9999 -9999 -9999 -9999 -9999 -9999 -9999 -9999 -9999 -9999 -9999 -9999 -9999 1 1 1 1 1 -9999
-9999 1 1 1 0.722430512674107 0 -9999 -9999 -9999 -9999 -9999 -9999 -9999 -9999 -9999 -9999 0.501846059863265 0.495845772566638 0.635924764995877 0.862219590644916 0.364055069005923 0 0.137810159849379 0.495845772566638 0.495845772566638 0.495845772566638 0.495845772566638 0.495845772566638 0.357976111728775 0.140189905419285 0.642043721934018 1 0.721870517419981 0 0 0.278189482071464 1 1 1 0.721730518606242 -9999 -9999 -9999 1 1 1 1 1 1 1 1 1 1 1 1 1 1 -9999 -9999 -9999 -9999 -9999 -9999 -9999 -9999 -9999 -9999 -9999 -9999 -9999 1 0.859386608618674 0.636469246947127 1 1 1
-9999 1 -9999 -9999 0.722430512674107 0 0.137645938381794 0.635799404659585 -9999 -9999 -9999 -9999 -9999 1 0.859955784202113 -9999 0.358080669959451 0 0.137764935558718 0.635920405448653 0.862215231578449 0.364059427753109 0 0 0 0 0 0 0.140185383385224 0.642048243648875 0.859794449816616 0.495825772655366 0.357922007056891 0.140235800380624 0.504174227344634 0.642107742237314 1 1 1 -9999 -9999 -9999 1 1 1 1 1 1 1 1 1 1 1 1 -9999 -9999 -9999 -9999 -9999 -9999 -9999 -9999 -9999 -9999 -9999 -9999 -9999 -9999 -9999 1 -9999 0.861709493576442 0.64247465019967 1 1 -9999
-9999 -9999 1 -9999 0.35818521858999 0 -9999 0.277629486817338 1 -9999 -9999 -9999 -9999 1 0.722230514369077 0.140059854962147 0.504194227256332 0.364114204696036 0.140090106359449 0.641963521881217 1 0.722090515555552 0 0.140140525354824 0.504194227256332 0.504194227256332 0.504194227256332 0.504194227256332 0.642052766164088 0.859798971850618 0.357927401773098 0 0.140231279546636 0.642102346321122 0.859748552855029 0.636067303687529 1 -9999 -9999 -9999 1 1 1 1 1 1 1 1 -9999 -9999 1 1 1 1 0.859546876873422 0.495805772743668 -9999 0.495805772743667 -9999 -9999 -9999 -9999 -9999 -9999 -9999 -9999 -9999 -9999 1 1 -9999 -9999 -9999 -9999 -9999 1
-9999 -9999 1 0.862394912842941 0.504214227167819 0.504214227167819 0.364239574232209 0.277629486817338 -9999 -9999 -9999 -9999 1 1 0.862285840897276 0.641938301901956 1 0.722170514877632 0.277849484953003 1 0.859884168277275 0.498128120231262 0.504214227167819 0.642017626953327 1 1 1 0.859813578883787 0.495785772832181 0.357922879258096 0.14021667371353 0.504214227167819 0.642106867636169 1 0.862087528268645 -9999 -9999 -9999 -9999 -9999 1 1 -9999 1 1 1 -9999 -9999 -9999 -9999 1 1 1 1 0.861889215640302 0.504214227167819 0.504214227167819 0.504214227167819 0.642364674053194 1 1 -9999 -9999 -9999 -9999 -9999 1 1 -9999 -9999 -9999 -9999 -9999 0.859349705726038 0.495785772832181 0.636456235504359
-9999 1 1 0.860050048696525 0.635725808823267 1 0.862370718113767 0.641873424196877 1 -9999 -9999 -9999 -9999 -9999 1 1 1 0.86226165056815 0.501881271452986 0.495765772920697 0.357997677794491 0.137778010357594 0.495765772920697 0.495765772920697 0.495765772920697 0.495765772920697 0.495765772920697 0.498120252855843 0.504234227079303 0.504234227079303 0.642101474519785 0.859767679922392 0.6360081775974 -9999 -9999 -9999 -9999 -9999 -9999 0.85968700312966 0.495765772920697 0.495765772920697 0.495765772920697 0.636119108187218 1 1 1 1 -9999 1 -9999 1 1 1 1 1 1 1 1 1 -9999 -9999 -9999 -9999 -9999 -9999 -9999 1 0.861755973765248 0.642488168545443 1 1 0.859354211360204 0.35747217052886 0.140665957837955 0.642547659934051
-9999 -9999 -9999 0.862406014773247 0.641858127048779 1 1 1 0.859994072735996 -9999 -9999 -9999 -9999 -9999 -9999 -9999 1 0.859903307744431 0.498109842565834 0.504254226990575 0.36412727973772 0 0 0 0 0 0.140187457247289 0.642086168171701 0.859792372754562 0.495745773009425 0.495745773009425 -9999 -9999 -9999 -9999 -9999 0.137921174664108 0.495745773009425 0.495745773009425 0.357794853850945 0 0 0 0.137990578484093 0.63611476024 1 1 1 -9999 -9999 -9999 1 1 1 1 1 1 1 1 1 -9999 -9999 -9999 -9999 1 1 1 1 1 1 1 1 0.86172189140427 0.504254226990575 0.642552165249178 1
-9999 -9999 -9999 1 1 1 1 0.859998605169852 0.358087766678818 0 -9999 -9999 -9999 -9999 -9999 1 1 0.722170514877632 0.137737150733073 0.495725773097512 0.357968793501555 0 0 0.140162761215202 0.504274226902488 0.504274226902488 0.642090693087086 1 0.862163704952518 0.504274226902488 0.504274226902488 -9999 -9999 0.504274226902488 0.504274226902488 0.363990440898497 0 0 0 0 0 0 0 0 0.137994925950501 0.495725773097512 0.636120498491286 -9999 -9999 1 -9999 -9999 -9999 -9999 1 1 1 1 1 1 1 1 1 1 1 1 1 1 1 1 1 1 1 1 1 1
-9999 -9999 -9999 -9999 -9999 1 1 0.862377460577971 0.364277193619536 -9999 0.140037204792564 -9999 -9999 -9999 -9999 1 1 0.86227832026354 -9999 0.364166249829965 0 0 0 0.277949484105412 1 1 1 0.859791336623493 0.635924522361693 1 0.859761079226238 0.63595477975881 0.859740907628139 0.635974951356938 1 0.721810517928536 0 0 0 0 0 0 0 0 0 0 0.138009186648395 0.636116152543734 -9999 1 1 -9999 -9999 -9999 1 1 1 1 1 1 1 1 1 1 1 1 1 1 1 1 1 1 1 1 1 -9999
-9999 -9999 -9999 -9999 -9999 1 1 1 0.722350513352026 0.1400326723585 0.641960954476588 -9999 -9999 -9999 -9999 -9999 -9999 1 1 -9999 0.364170606177045 0.140153706747213 0.504314226725243 0.642089831685354 1 1 1 0.721970516572602 0.278049483258092 1 0.721910517080944 0.137854914011718 0.357820945631572 0.278149482410501 1 0.862105431462502 0.364009226992155 0 0.140325172131206 0.504314226725243 0.504314226725244 0.504314226725243 0.504314226725244 0.363938623598818 0 0 0 0.138013532114855 0.63611180739651 1 -9999 -9999 -9999 -9999 1 1 1 1 1 -9999 -9999 -9999 1 1 1 1 1 1 1 1 1 1 1 1 -9999 -9999
-9999 -9999 -9999 -9999 1 1 0.859992034073446 0.495665773363485 0.358044425840142 0.277669486478301 -9999 -9999 -9999 -9999 -9999 -9999 -9999 -9999 -9999 -9999 0.862259693699209 0.64208444616872 -9999 1 1 -9999 1 0.862190301079109 0.642153838788955 -9999 0.862160561384675 0.504334226636515 0.504334226636515 0.501923100845322 0.495665773363484 0.635966250662409 0.7217905180979 0.140320650497002 0.642252971103489 1 1 -9999 1 0.862031689375812 0.504334226636515 0.504334226636516 0.363922796747979 0 0.138017876781508 0.636107463049138 -9999 -9999 -9999 -9999 -9999 -9999 1 1 1 1 1 -9999 -9999 1 1 -9999 1 1 1 0.859356578333355 0.495665773363485 0.636329368228237 1 -9999 -9999 -9999
-9999 -9999 1 1 0.860006655906305 0.495645773451571 0.358049804556401 0 0 0.277669486478301 -9999 -9999 -9999 -9999 -9999 -9999 -9999 -9999 -9999 -9999 1 1 -9999 -9999 -9999 -9999 1 1 1 -9999 -9999 1 1 0.862136384655493 0.504354226548429 0.642237667555832 0.862106646161073 0.642257493218728 1 1 1 1 1 1 1 1 0.862007517846487 0.504354226548429 0.363917054496715 0.278469479698574 -9999 -9999 -9999 -9999 -9999 -9999 -9999 1 0.859461957957841 0.495645773451571 0.495645773451571 0.495645773451571 -9999 -9999 -9999 -9999 -9999 0.495645773451571 0.636284685484174 0.861779522722972 0.504354226548429 0.642594529488382 -9999 -9999 -9999 -9999
-9999 -9999 -9999 1 -9999 0 0 0.140029157655957 0.504374226459912 0.641994380484199 -9999 -9999 -9999 0.364284544409706 -9999 -9999 -9999 -9999 -9999 -9999 -9999 -9999 1 -9999 -9999 -9999 1 -9999 -9999 -9999 -9999 -9999 -9999 1 1 1 1 0.859668220372865 0.495625773540088 0.495625773540088 0.635987815364416 0.859627870776673 0.636007990162473 1 1 1 1 1 0.861993261148512 0.501938049327161 0.495625773540088 0.636098776753838 1 -9999 -9999 0.859486647190136 0.495625773540088 0.495625773540088 0.357519910373963 0 0 0 0 0 0.13816533775495 0.495625773540088 0.357440610922232 0 0.278849476478212 1 1 0.859325248805465 0.495625773540088 0.495625773540088 0.495625773540088 0.495625773540088
-9999 -9999 -9999 -9999 -9999 0.504394226371184 0.504394226371184 0.641989002967462 0.859955201979839 0.635660659447923 -9999 -9999 -9999 0.862345751214896 0.504394226371184 -9999 -9999 -9999 -9999 -9999 -9999 -9999 1 -9999 -9999 -9999 -9999 -9999 1 -9999 -9999 -9999 1 -9999 -9999 1 1 0.862107862459656 0.504394226371184 0.364036706580869 0.278289481224086 0.862068214333746 0.642335924068926 1 1 1 1 1 1 0.861988918081974 0.504394226371184 0.642425132352156 1 0.859501251023328 0.636114610404589 0.861929445893195 0.504394226371184 0.504394226371184 0.504394226371184 0.504394226371184 0.504394226371184 0.363814775002218 0 0 0 0 0 0 0.138199410515975 0.636265927390047 1 0.861770853389651 0.504394226371184 0.504394226371184 0.504394226371184 0.504394226371184
-9999 -9999 -9999 -9999 -9999 1 1 1 0.862400864337345 0.642023273576713 -9999 -9999 -9999 0.859899208019591 0.635696653896786 -9999 -9999 -9999 -9999 -9999 -9999 -9999 1 1 -9999 -9999 -9999 -9999 -9999 -9999 -9999 -9999 -9999 -9999 -9999 -9999 -9999 -9999 -9999 0.862093603761555 0.642330534152504 0.859616738446759 0.635979123469618 1 1 1 1 1 1 1 1 1 1 0.861954840921037 0.642469296993174 1 -9999 -9999 -9999 -9999 1 0.861875547869223 0.504414226282671 0.363809024350784 0 0 0 0 0 0.138203745182561 0.495585773717329 -9999 0.636281769440564 1 1 1
-9999 -9999 -9999 1 -9999 0.495565773805419 0.635601500557986 1 1 1 -9999 -9999 -9999 -9999 0.501970840736101 -9999 -9999 -9999 -9999 -9999 -9999 -9999 -9999 1 -9999 -9999 -9999 -9999 1 1 -9999 -9999 -9999 -9999 -9999 -9999 -9999 -9999 -9999 -9999 1 0.862079346663838 0.642364790762241 1 1 1 1 -9999 -9999 -9999 1 1 1 1 1 1 -9999 -9999 -9999 -9999 -9999 -9999 -9999 0.861861299571288 0.504434226194581 0.363803272099599 0 0 0 0 0 0.14069148568909 0.642662127706693 1 1 1
-9999 -9999 -9999 0.859988988079456 0.357997387487836 0.140031189918589 0.642022434175188 1 1 1 0.859918365086264 0.495545773894147 0.35791810083594 0.277749485800382 0.862352505278845 -9999 -9999 -9999 -9999 -9999 -9999 -9999 -9999 -9999 -9999 -9999 -9999 -9999 1 1 -9999 -9999 -9999 -9999 -9999 -9999 -9999 -9999 1 1 -9999 1 1 1 1 1 1 1 -9999 -9999 1 1 1 1 1 1 1 1 1 1 -9999 -9999 -9999 -9999 -9999 0.861847052873077 0.36380760724703 0 0 0 0 0.138212412115795 0.636252926747095 1 1 1
-9999 -9999 1 0.862467075390315 0.364447573732425 0.277589487156374 1 1 0.859932990119211 0.495525773982875 0.357923476352703 0 0 0.277749485800382 1 -9999 -9999 -9999 -9999 -9999 -9999 -9999 0.495525773982875 -9999 -9999 -9999 -9999 1 -9999 -9999 -9999 -9999 -9999 -9999 -9999 -9999 -9999 -9999 1 -9999 -9999 -9999 -9999 1 1 1 1 1 1 -9999 -9999 1 1 1 1 -9999 -9999 -9999 -9999 1 1 -9999 -9999 -9999 -9999 -9999 0.721190523182751 0 0 0 0 0.140702642018635 0.642690970399702 1 1 1
-9999 -9999 -9999 1 -9999 0.642041419636111 1 1 0.862423076197972 0.364411573283746 0 0 0.140112922041966 -9999 -9999 -9999 -9999 -9999 -9999 -9999 -9999 -9999 0.504494225928612 0.50199589037199 -9999 -9999 -9999 -9999 -9999 -9999 -9999 -9999 -9999 -9999 -9999 -9999 1 -9999 -9999 -9999 -9999 -9999 -9999 1 1 1 -9999 1 1 1 1 1 1 1 1 1 1 1 1 -9999 -9999 -9999 -9999 -9999 -9999 -9999 -9999 0 0 0 0 0.13820125578619 0.63622408405393 1 1 1
-9999 -9999 -9999 0.859972335183849 0.495485774159479 0.635533619373644 1 -9999 1 -9999 0.504514225840521 0.364405839432324 0.277729485969959 1 0.862369171374282 -9999 1 1 -9999 -9999 -9999 0.64221442188674 1 0.722050515894588 -9999 -9999 -9999 -9999 -9999 -9999 -9999 -9999 -9999 -9999 -9999 -9999 -9999 -9999 -9999 -9999 -9999 -9999 -9999 -9999 1 1 1 1 1 1 0.859498095830639 0.495485774159479 0.495485774159479 0.636017948925817 1 1 0.859437554636469 0.636058309721864 1 1 1 1 -9999 -9999 -9999 -9999 -9999 0.504514225840521 0.504514225840522 0.504514225840521 0.504514225840521 0.504514225840521 0.642719813093327 1 1 1
