Data/MaxEnt_Env layers_1min/tex2_1min.asc
NCOLS 486 
NROWS 242 
XLLCORNER 17.7462665 
YLLCORNER -34.9334335 
CELLSIZE 0.016667 
NODATA_value -9999 
[rows 136 to 169 of 242, columns 77 to 153 of 486]
0.358460612371589 -9999 0.137705004530465 0.358430843877527 0 0 0 -9999 -9999 0 0.277709486139418 1 -9999 -9999 1 1 0.860014439046698 0.636141409191882 -9999 -9999 1 1 1 -9999 -9999 -9999 -9999 1 0.859893515056561 0.49614577123934 0.49614577123934 0.49614577123934 0.49614577123934 0.636302641178807 1 1 1 0.861947696372918 0.641916455219137 1 1 -9999 -9999 -9999 -9999 -9999 -9999 -9999 -9999 -9999 -9999 -9999 -9999 -9999 -9999 -9999 -9999 -9999 -9999 1 0.86171947125237 0.642144680339685 1 1 0.859530743086275 0.49614577123934 0.49614577123934 0.636645259150583 1 1 1 1 1 -9999 -9999 -9999 -9999
0.364044349540775 0 0 0 0 0 -9999 -9999 -9999 -9999 0.277709486139418 1 -9999 -9999 0.860029037279785 0.49612577132743 0.498278521242123 0.641722518707808 -9999 1 0.859968572884762 0.49612577132743 0.49612577132743 0.63618743064017 -9999 1 1 1 0.862042563220091 0.363752104964777 0 0 0 0.138007048936741 0.636298282031011 1 -9999 0.859797257098839 0.49612577132743 0.49612577132743 0.636358746426033 -9999 -9999 -9999 -9999 -9999 -9999 -9999 -9999 -9999 -9999 -9999 -9999 -9999 -9999 -9999 -9999 0.859595709115474 0.636540139611084 1 1 1 0.859545322119686 0.49612577132743 0.357811127019429 0.140484910077894 0.50387422867257 0.642218640274573 -9999 -9999 -9999 -9999 -9999 1 -9999 -9999 -9999
0.722490512165765 0 0 0 -9999 -9999 -9999 -9999 -9999 -9999 0.277709486139418 -9999 -9999 -9999 -9999 0 0.277829485122368 -9999 -9999 1 0.722090515555552 0 0.140057140878573 0.641796493842039 1 0.859912625723862 0.636203223491371 1 1 0.862038202553721 0.503894228583842 0.503894228583842 0.503894228583842 0.503894228583842 0.641905636186767 1 1 0.861958826302981 0.503894228583842 0.503894228583842 0.641965168374819 1 1 1 -9999 -9999 1 -9999 -9999 -9999 -9999 -9999 -9999 -9999 0.859620369548199 0.636495479667326 1 0.861760385676184 0.642143764938958 1 1 1 0.72125052267441 0.140470330644387 0.503894228583842 0.642213219158398 -9999 -9999 1 -9999 -9999 -9999 -9999 1 1 -9999 1
-9999 0.364063170833689 0 0.139871214059612 -9999 -9999 -9999 -9999 -9999 -9999 0.277709486139418 1 -9999 -9999 -9999 0 0.277829485122368 -9999 1 1 0.862133059000851 0.503914228495114 0.641801012756932 0.859927221957229 0.496085771504886 0.358169222348959 0.137926470787185 0.636198862344353 1 -9999 -9999 -9999 1 1 1 1 1 1 1 -9999 1 1 1 1 1 1 1 0.859685345177374 0.357941024828055 0.278489479529116 -9999 0.636440739124178 -9999 0.859624875982414 0.357881495040018 0.278609478512432 1 1 1 1 1 1 0.861716350484351 0.642207799642203 -9999 -9999 -9999 -9999 -9999 1 1 1 1 1 1 1 1
-9999 0.722470512334857 0.139866686825618 0.641626950307704 -9999 -9999 -9999 -9999 -9999 -9999 0.277709486139418 -9999 -9999 -9999 -9999 0 0.277829485122368 1 -9999 1 1 1 1 0.862108853471893 0.503934228406601 0.363835733800394 0.140108573205271 0.641865059860172 -9999 -9999 -9999 -9999 -9999 1 1 1 1 1 1 1 1 1 1 1 1 1 1 0.721550520131848 0 0.138149098543255 0.357906751818805 0.278529479190233 1 0.86181121653131 0.503934228406601 0.642142854338105 1 1 1 1 1 1 1 -9999 -9999 -9999 1 1 1 1 1 1 1 1 1 1 1
-9999 0.722470512334858 0.137677249704434 -9999 -9999 -9999 -9999 -9999 -9999 -9999 0.277709486139418 -9999 -9999 -9999 -9999 0 0.277829485122368 1 -9999 -9999 1 1 1 1 1 0.862094571174319 0.64186957797546 1 1 -9999 -9999 -9999 -9999 1 1 1 1 -9999 1 1 1 1 0.859724602243147 0.496045771681489 0.49604577168149 0.496045771681489 0.49604577168149 0.357922084565983 0 0 0 0.278529479190233 1 1 1 1 -9999 1 1 1 -9999 -9999 1 1 1 1 1 1 1 1 1 1 -9999 1 1 -9999 1
-9999 0.722470512334858 0 -9999 -9999 -9999 -9999 -9999 -9999 -9999 0.277709486139418 1 -9999 -9999 0.722210514538596 0.140008820944969 0.641784813008127 -9999 -9999 1 -9999 1 1 1 1 1 1 1 1 1 1 -9999 -9999 -9999 1 1 -9999 1 1 1 1 1 0.86193148400624 0.503974228229783 0.503974228229783 0.503974228229782 0.503974228229783 0.503974228229783 0.363632787113144 0.1403515205158 0.503974228229783 0.642132028105874 1 1 1 -9999 -9999 1 1 1 1 -9999 1 1 1 1 -9999 -9999 -9999 -9999 -9999 -9999 -9999 -9999 -9999 -9999 -9999
-9999 -9999 0 -9999 -9999 -9999 -9999 -9999 -9999 -9999 0.277709486139418 1 1 -9999 0.358220583708207 0.27780948529204 -9999 -9999 -9999 -9999 -9999 -9999 1 1 1 1 1 1 1 1 1 1 -9999 -9999 1 -9999 0.85977394710812 0.636241904549845 1 1 0.859733627911536 0.636282223746351 1 1 1 1 1 1 0.861877530783009 0.642126617389644 1 1 1 1 1 -9999 -9999 1 1 1 1 1 1 1 -9999 -9999 -9999 -9999 -9999 -9999 -9999 -9999 -9999 -9999 -9999 -9999 1
-9999 -9999 -9999 -9999 -9999 -9999 -9999 -9999 -9999 -9999 0.5017846496332 0.635965384425884 0.860010307322272 0.358216059193204 0 0.27780948529204 -9999 -9999 -9999 -9999 -9999 -9999 -9999 -9999 1 -9999 -9999 1 -9999 -9999 1 1 1 -9999 1 -9999 -9999 -9999 1 0.859738141945642 0.357948229146189 -9999 0.495985771947247 0.636287950798169 1 1 1 1 1 1 1 1 1 1 1 1 1 1 1 1 -9999 -9999 1 -9999 -9999 -9999 -9999 -9999 -9999 -9999 -9999 -9999 1 1 1 1 1
-9999 -9999 0.862344954156297 0.504034227964451 -9999 -9999 -9999 -9999 -9999 -9999 -9999 0.277729485969959 0.862245761842537 0.364028899722386 0 -9999 -9999 -9999 -9999 -9999 -9999 -9999 -9999 -9999 -9999 -9999 1 1 -9999 -9999 0.636142470462775 1 -9999 -9999 -9999 -9999 -9999 0.495965772035549 0.495965772035549 0.357943714630873 0.140277504418496 0.363746642946809 0 0.138061734330214 0.495965772035549 0.636293679449733 1 1 1 1 1 1 1 1 1 1 1 1 1 1 -9999 1 1 -9999 -9999 -9999 -9999 -9999 -9999 -9999 -9999 -9999 -9999 -9999 -9999 -9999 -9999
-9999 -9999 1 1 -9999 -9999 1 -9999 -9999 -9999 -9999 -9999 0.635946574732267 0.722230514369077 0 0.27780948529204 -9999 -9999 -9999 -9999 -9999 -9999 -9999 -9999 -9999 -9999 -9999 -9999 -9999 -9999 0.641981450032996 -9999 -9999 0.495945772124277 -9999 -9999 0.721770518267573 0 0.140262908585308 0.504054227875723 0.642080638346808 0.861963670697515 0.363750995294048 0 0 0.278409480207129 1 0.859646362422662 0.636309490700696 1 1 1 1 1 1 1 1 1 -9999 -9999 -9999 1 1 -9999 -9999 -9999 -9999 -9999 -9999 -9999 -9999 -9999 1 -9999 -9999 -9999 1
-9999 -9999 -9999 0.860084375018909 0.635851478592987 -9999 -9999 -9999 -9999 -9999 -9999 0.364077951613164 0.277749485800382 0.862246953341335 -9999 -9999 -9999 -9999 -9999 -9999 -9999 -9999 -9999 -9999 -9999 -9999 -9999 -9999 1 -9999 -9999 -9999 -9999 0.50407422778721 0.363846079433513 0.2782094819021 0.862018829419482 0.50407422778721 0.642075235230662 1 1 0.859701281852454 0.357885091043911 0 0 0.138070436463082 0.636274897355866 0.721550520131848 0.138100191757209 0.636305141553291 1 1 1 1 -9999 1 1 1 1 1 -9999 1 1 1 1 1 -9999 1 1 0.859419002677166 0.63651685093473 1 1 1 1 0.859358514282422 0.49592577221279
-9999 -9999 1 0.722430512674107 0.277589487156374 -9999 -9999 -9999 -9999 -9999 -9999 0.722270514030041 0.137737573262129 0.63592776663869 0.86224259067508 0.501819397119408 -9999 -9999 -9999 -9999 -9999 -9999 -9999 -9999 -9999 -9999 -9999 1 -9999 -9999 -9999 0.636109239022719 1 1 0.86204423004725 0.642059915682901 1 1 1 1 0.859705797086603 0.357880576128785 0 0 0.140334530109829 0.504094227698693 0.64216901402812 0.861915295639087 0.504094227698693 0.642198768122368 0.859604979095459 0.495905772301306 0.636320956804049 1 1 1 1 1 1 1 -9999 1 1 1 1 -9999 1 1 1 0.721110523860825 0.138312819082885 0.495905772301306 0.495905772301307 0.495905772301307 0.495905772301306 0.357543363061411 0
-9999 -9999 1 0.722430512674107 -9999 0.862337405122764 -9999 -9999 -9999 -9999 -9999 -9999 0.364096760106949 0.137741935928354 0.635923404291272 -9999 0.501828120133049 0.495885772389608 0.495885772389608 -9999 -9999 -9999 -9999 -9999 -9999 1 1 -9999 -9999 -9999 0.862089464337901 0.642034680903907 0.8597808885144 0.495885772389608 0.636125048273399 1 0.859740559718018 0.636155294870794 1 1 0.721690518945492 0.140309851277568 0.504114227610392 0.504114227610392 0.642163610112031 1 -9999 -9999 -9999 -9999 0.861891111709939 0.504114227610392 0.642242951163225 1 1 1 1 1 -9999 -9999 -9999 -9999 -9999 -9999 -9999 -9999 1 1 -9999 0.861702676713392 0.363511992558729 0.140612317250836 0.504114227610392 0.504114227610392 0.504114227610392 0.504114227610392 0.504114227610392
0.641741684076809 -9999 1 0.722430512674107 0.137647125480601 -9999 -9999 -9999 -9999 -9999 -9999 -9999 -9999 0.364101122454184 0.137746297794619 -9999 0.862233867742598 0.504134227521879 0.364050709458732 0 -9999 -9999 -9999 -9999 -9999 1 1 0.859825738544824 -9999 0.278089482919056 1 0.859785408148462 0.357940964518249 0 0.278189482071464 1 0.862035523114563 0.642108621638813 0.859714829954644 0.495865772478121 0.498166961910472 0.642148290564378 -9999 -9999 1 1 1 -9999 -9999 -9999 1 1 -9999 -9999 -9999 -9999 -9999 -9999 -9999 -9999 -9999 -9999 -9999 -9999 -9999 -9999 -9999 -9999 -9999 1 0.861698337246838 0.642445807506508 1 1 -9999 -9999 -9999
1 1 1 0.722430512674107 0 -9999 -9999 -9999 -9999 -9999 -9999 -9999 -9999 -9999 -9999 0.137750658860972 0.495845772566638 0.635924764995877 0.862219590644916 0.364055069005923 0 0.137810159849379 0.495845772566638 0.495845772566638 0.495845772566638 0.495845772566638 0.495845772566638 0.357976111728775 0.140189905419285 0.642043721934018 1 0.721870517419981 0 0 0.278189482071464 1 1 1 0.721730518606242 -9999 -9999 -9999 1 1 1 1 1 1 1 1 1 1 1 1 1 1 -9999 -9999 -9999 -9999 -9999 -9999 -9999 -9999 -9999 -9999 -9999 -9999 -9999 1 0.859386608618674 0.636469246947127 1 1 1 1 0.859326110624084
1 -9999 -9999 0.722430512674107 0 0.137645938381794 0.635799404659585 -9999 -9999 -9999 -9999 -9999 0 0 -9999 0 0 0.137764935558718 0.635920405448653 0.862215231578449 0.364059427753109 0 0 0 0 0 0 0.140185383385224 0.642048243648875 0.859794449816616 0.495825772655366 0.357922007056891 0.140235800380624 0.504174227344634 0.642107742237314 1 1 1 -9999 -9999 -9999 1 1 1 1 1 1 1 1 1 1 1 1 -9999 -9999 -9999 -9999 -9999 -9999 -9999 -9999 -9999 -9999 -9999 -9999 -9999 -9999 -9999 1 -9999 0.861709493576442 0.64247465019967 1 1 -9999 -9999 0.861649994987956
-9999 1 -9999 0.35818521858999 0 -9999 0.277629486817338 0.722350513352026 -9999 -9999 -9999 -9999 0 0 0 0 0 0.140090106359449 0.641963521881217 1 0.722090515555552 0 0.140140525354824 0.504194227256332 0.504194227256332 0.504194227256332 0.504194227256332 0.642052766164088 0.859798971850618 0.357927401773098 0 0.140231279546636 0.642102346321122 0.859748552855029 0.636067303687529 1 -9999 -9999 -9999 1 1 1 1 1 1 0.859627547266129 0.495805772743668 -9999 -9999 1 1 1 1 1 1 -9999 1 -9999 -9999 -9999 -9999 -9999 -9999 -9999 -9999 -9999 -9999 1 1 -9999 -9999 -9999 -9999 -9999 1 1 -9999
-9999 1 0.722450512504648 0.139954484537393 0.504214227167819 0.364239574232209 0.277629486817338 -9999 -9999 -9999 -9999 0 0 0 0 0 0 0.277849484953003 1 0.859884168277275 0.498128120231262 0.504214227167819 0.642017626953327 1 1 1 0.859813578883787 0.495785772832181 0.357922879258096 0.14021667371353 0.504214227167819 0.642106867636169 1 0.862087528268645 -9999 -9999 -9999 -9999 -9999 1 1 -9999 1 1 1 -9999 -9999 -9999 -9999 1 1 1 0.859551389707649 0.636244467323679 1 1 1 1 1 1 -9999 -9999 -9999 -9999 -9999 1 1 -9999 -9999 -9999 -9999 -9999 0.859349705726038 0.495785772832181 0.495785772832181 0.495785772832181 0.636476403902499
1 1 0.722450512504648 0.277569487325893 1 0.862370718113767 0.641873424196877 1 -9999 -9999 -9999 -9999 -9999 0 0 0 0 0.137748264663343 0.495765772920697 0.357997677794491 0.137778010357594 0.495765772920697 0.495765772920697 0.495765772920697 0.495765772920697 0.495765772920697 0.498120252855843 0.504234227079303 0.504234227079303 0.642101474519785 0.859767679922392 0.6360081775974 -9999 -9999 -9999 -9999 -9999 -9999 0.85968700312966 0.495765772920697 0.495765772920697 0.495765772920697 0.636119108187218 1 1 1 1 -9999 1 -9999 1 0.859555903341712 0.498124656414686 0.642339440074082 1 1 1 1 1 -9999 -9999 -9999 -9999 -9999 -9999 -9999 1 1 1 1 1 1 0.72105052436938 0 0.140676042436989 0.504234227079303 0.642567490396885
-9999 -9999 0.862406014773247 0.641858127048779 1 1 1 0.859994072735996 -9999 -9999 -9999 -9999 -9999 -9999 -9999 0 0 0.140106777254706 0.504254226990575 0.36412727973772 0 0 0 0 0 0.140187457247289 0.642086168171701 0.859792372754562 0.495745773009425 0.495745773009425 -9999 -9999 -9999 -9999 -9999 0.137921174664108 0.495745773009425 0.495745773009425 0.357794853850945 0 0 0 0.137990578484093 0.63611476024 1 1 1 -9999 -9999 -9999 1 0.861920188032925 0.642343953788995 1 1 1 1 1 1 -9999 -9999 -9999 -9999 1 1 1 1 1 1 0.859368802793634 0.495745773009425 0.495745773009425 0.35745774958235 0 0.278989475291737 1 1
-9999 -9999 1 1 1 1 0.859998605169852 0.358087766678818 0 -9999 -9999 -9999 -9999 -9999 0 0 0 0.137737150733073 0.495725773097512 0.357968793501555 0 0 0.140162761215202 0.504274226902488 0.504274226902488 0.642090693087086 1 0.862163704952518 0.504274226902488 0.504274226902488 -9999 -9999 0.504274226902488 0.504274226902488 0.363990440898497 0 0 0 0 0 0 0 0 0.137994925950501 0.495725773097512 0.636120498491286 -9999 -9999 1 -9999 -9999 -9999 -9999 0.636201181683828 1 1 1 1 1 1 1 1 1 1 1 1 1 1 1 0.861747298832147 0.504274226902488 0.504274226902488 0.504274226902488 0.504274226902488 0.642576500227554 1 -9999
-9999 -9999 -9999 -9999 1 1 0.862377460577971 0.364277193619536 -9999 0 -9999 -9999 -9999 -9999 0 0 0 -9999 0 0 0 0 0.277949484105412 1 1 1 0.859791336623493 0.635924522361693 1 0.859761079226238 0.63595477975881 0.859740907628139 0.635974951356938 1 0.721810517928536 0 0 0 0 0 0 0 0 0 0 0.138009186648395 0.636116152543734 -9999 1 1 -9999 -9999 -9999 0.642382725713933 1 1 1 1 1 1 1 1 1 1 1 1 1 1 1 1 1 1 1 1 -9999 -9999 -9999
-9999 -9999 -9999 -9999 1 1 1 0.722350513352026 0 0.140042758557651 -9999 -9999 -9999 -9999 -9999 -9999 0 0.140123448150081 -9999 0.364170606177045 0 0 0.277949484105412 1 0.859805948456581 0.495685773274756 0.357870513788866 0.137825173117434 0.495685773274756 0.357840772894447 0.137854914011718 0.357820945631572 0.278149482410501 1 0.862105431462502 0.364009226992155 0 0.140325172131206 0.504314226725243 0.504314226725244 0.504314226725243 0.504314226725244 0.363938623598818 0 0 0 0.138013532114855 0.63611180739651 1 -9999 -9999 -9999 -9999 1 1 1 1 1 -9999 -9999 -9999 1 1 1 1 1 1 1 1 1 1 1 1 -9999 -9999 -9999 -9999
-9999 -9999 -9999 0.277569487325893 1 0.859992034073446 0.495665773363485 0.358044425840142 0.140038225723592 -9999 -9999 -9999 -9999 -9999 -9999 -9999 -9999 -9999 -9999 0.357925467062693 0.140159264912244 -9999 0.642104272631606 1 -9999 0 0 0 -9999 0 0 0 0.137869178309654 0.495665773363484 0.635966250662409 0.7217905180979 0.140320650497002 0.642252971103489 1 1 -9999 1 0.862031689375812 0.504334226636515 0.504334226636516 0.363922796747979 0 0.138017876781508 0.636107463049138 -9999 -9999 -9999 -9999 -9999 -9999 1 1 1 1 1 -9999 -9999 1 1 -9999 1 1 1 0.859356578333355 0.495665773363485 0.636329368228237 1 -9999 -9999 -9999 -9999 -9999
-9999 0.364381056452694 0 0.137576143232198 0.495645773451571 0.358049804556401 0 0 0.277669486478301 -9999 -9999 -9999 -9999 -9999 -9999 -9999 -9999 -9999 -9999 0.36419949046998 0.137744661366996 -9999 -9999 -9999 -9999 0 0 0 -9999 -9999 0 0 0 0 0.278189482071464 0.862106646161073 0.642257493218728 1 1 1 1 1 1 1 1 0.862007517846487 0.504354226548429 0.363917054496715 0.278469479698574 -9999 -9999 -9999 -9999 -9999 -9999 -9999 1 0.859461957957841 0.495645773451571 0.495645773451571 0.636214076490831 -9999 -9999 -9999 -9999 -9999 0.495645773451571 0.636284685484174 0.861779522722972 0.504354226548429 0.642594529488382 -9999 -9999 -9999 -9999 -9999 -9999
-9999 -9999 0 -9999 0 0 0.140029157655957 0.364334981404849 0.277669486478301 -9999 -9999 -9999 0 -9999 -9999 -9999 -9999 -9999 -9999 -9999 -9999 0.642123242093301 -9999 -9999 -9999 0 -9999 -9999 -9999 -9999 -9999 -9999 0.140291430031021 0.504374226459912 0.642252103702298 0.859678307771816 0.495625773540088 0.495625773540088 0.495625773540088 0.635987815364416 0.859627870776673 0.636007990162473 1 1 1 1 1 0.861993261148512 0.501938049327161 0.495625773540088 0.636098776753838 1 -9999 -9999 0.859486647190136 0.495625773540088 0.495625773540088 0.357519910373963 0 0 0.138135600460485 0.495625773540088 0.495625773540088 0.495625773540088 0.495625773540088 0.357440610922232 0 0.278849476478212 1 1 0.859325248805465 0.495625773540088 0.495625773540088 0.495625773540088 0.495625773540088 0.636350961729873 1
-9999 -9999 -9999 -9999 0.140014534623013 0.504394226371184 0.641989002967462 0.722350513352026 0.137614600659194 -9999 -9999 -9999 0 0.140105324814331 -9999 -9999 -9999 -9999 -9999 -9999 -9999 1 -9999 -9999 -9999 -9999 -9999 1 -9999 -9999 -9999 0.504394226371184 -9999 -9999 1 0.862117774491038 0.504394226371184 0.504394226371184 0.504394226371184 0.642316100006009 0.862068214333746 0.642335924068926 1 1 1 1 1 1 0.861988918081974 0.504394226371184 0.642425132352156 1 0.859501251023328 0.636114610404589 0.861929445893195 0.504394226371184 0.504394226371184 0.504394226371184 0.504394226371184 0.504394226371184 0.504394226371184 0.363804687203117 0 0 0 0 0 0.138199410515975 0.636265927390047 1 0.861770853389651 0.504394226371184 0.504394226371184 0.504394226371184 0.504394226371184 0.642672933138931 1
-9999 -9999 -9999 -9999 0.277589487156374 1 1 0.862400864337345 0.504414226282671 -9999 -9999 -9999 0 0.277769485630923 -9999 -9999 -9999 -9999 -9999 -9999 -9999 1 1 -9999 -9999 -9999 -9999 -9999 -9999 -9999 -9999 -9999 -9999 -9999 -9999 -9999 -9999 -9999 0.859636914844687 0.495585773717329 0.495585773717329 0.635979123469618 1 1 1 1 1 1 1 1 1 1 0.861954840921037 0.642469296993174 1 -9999 -9999 -9999 -9999 1 1 0.861865636237683 0.363809024350784 0 0 0 0 0 0.138203745182561 0.495585773717329 -9999 0.636281769440564 1 1 1 1 1
-9999 -9999 0 -9999 0.137563849002898 0.635601500557986 1 1 0.859934007450472 -9999 -9999 -9999 -9999 0.137653050086221 -9999 -9999 -9999 -9999 -9999 -9999 -9999 -9999 1 -9999 -9999 -9999 -9999 1 1 -9999 -9999 -9999 -9999 -9999 -9999 -9999 -9999 -9999 -9999 0.364055487075218 0 0.13793056456766 0.495565773805419 0.635984867320912 1 1 -9999 -9999 -9999 1 1 1 1 1 1 -9999 -9999 -9999 -9999 -9999 -9999 -9999 0.861861299571288 0.504434226194581 0.363803272099599 0 0 0 0 0 0.14069148568909 0.642662127706693 1 1 1 -9999 1
-9999 -9999 0 0 0.140031189918589 0.642022434175188 1 1 0.86240205943632 0.364372591192116 0 0 0.14011190191073 0.504454226105853 -9999 -9999 -9999 -9999 -9999 -9999 -9999 -9999 -9999 -9999 -9999 -9999 -9999 1 1 -9999 -9999 -9999 -9999 -9999 -9999 -9999 -9999 1 1 -9999 0.504454226105853 0.364049743223542 0 0.137944819665762 0.635980523773482 1 1 -9999 -9999 1 1 1 1 1 1 1 1 1 1 -9999 -9999 -9999 -9999 -9999 0.861847052873077 0.36380760724703 0 0 0 0 0.138212412115795 0.636252926747095 1 1 1 1 1
-9999 0 0 0 0.277589487156374 1 1 0.859932990119211 0.495525773982875 0.357923476352703 0 0 0.277749485800382 1 -9999 -9999 -9999 -9999 -9999 -9999 -9999 0.495525773982875 -9999 -9999 -9999 -9999 1 -9999 -9999 -9999 -9999 -9999 -9999 -9999 -9999 -9999 -9999 1 -9999 -9999 -9999 -9999 0.364054087170889 0 0.137949162732253 0.495525773982875 0.635986270425122 1 -9999 -9999 1 1 1 1 -9999 -9999 -9999 -9999 1 1 -9999 -9999 -9999 -9999 -9999 0.721190523182751 0 0 0 0 0.140702642018635 0.642690970399702 1 1 1 -9999 1
-9999 -9999 0 -9999 0.137547193707499 0.495505774071388 0.495505774071388 0.357928850269361 0 0 0 0.140112922041966 -9999 -9999 -9999 -9999 -9999 -9999 -9999 -9999 -9999 0.504494225928612 0.50199589037199 -9999 -9999 -9999 -9999 -9999 -9999 -9999 -9999 -9999 -9999 -9999 -9999 1 -9999 -9999 -9999 -9999 -9999 -9999 0.862076225095682 0.364058430318324 0 -9999 0.137963415030254 0.635981928877696 1 1 1 1 1 1 1 1 1 1 -9999 -9999 -9999 -9999 -9999 -9999 -9999 -9999 0 0 0 0 0.13820125578619 0.63622408405393 1 1 1 1 1
-9999 -9999 0 0 0 0 -9999 0 -9999 0 0 0.277729485969959 1 0.862369171374282 -9999 1 1 -9999 -9999 -9999 0.64221442188674 1 0.722050515894588 -9999 -9999 -9999 -9999 -9999 -9999 -9999 -9999 -9999 -9999 -9999 -9999 -9999 -9999 -9999 -9999 -9999 -9999 -9999 -9999 0.862071882429211 0.36406277266623 0 0 0.137967756096776 0.495485774159479 0.495485774159479 0.495485774159479 0.495485774159479 0.636017948925817 1 1 0.859437554636469 0.636058309721864 1 1 1 1 -9999 -9999 -9999 -9999 -9999 0.504514225840521 0.504514225840522 0.504514225840521 0.504514225840521 0.504514225840521 0.642719813093327 1 1 1 1 1
