Data/MaxEnt_Env layers_1min/tex3_1min.asc
NCOLS 486 
NROWS 242 
XLLCORNER 17.7462665 
YLLCORNER -34.9334335 
CELLSIZE 0.016667 
NODATA_value -9999 
[rows 136 to 169 of 242, columns 76 to 151 of 486]
-9999 0.860175671033516 -9999 0.722450512504648 0 0.139864636963242 0.641589001785188 1 -9999 -9999 1 1 1 -9999 -9999 1 1 1 1 -9999 -9999 1 1 1 -9999 -9999 -9999 -9999 1 1 1 0.859873361058236 0.636282487180297 1 1 1 1 1 1 1 1 1 -9999 -9999 -9999 -9999 -9999 -9999 -9999 -9999 -9999 -9999 -9999 -9999 -9999 -9999 -9999 -9999 -9999 -9999 1 1 1 1 1 1 1 1 1 1 1 1 1 1 -9999 -9999
-9999 0.722490512165766 0.137689531133975 0.498276351692453 0.50387422867257 0.641593527100412 1 -9999 -9999 -9999 -9999 1 1 -9999 -9999 1 1 1 1 -9999 1 1 1 1 0.862092175376788 -9999 1 1 1 1 1 0.862022718357442 0.501719154240373 0.636278127232696 1 1 1 -9999 1 1 1 1 -9999 -9999 -9999 -9999 -9999 -9999 -9999 -9999 -9999 -9999 -9999 -9999 -9999 -9999 -9999 -9999 1 1 1 1 1 1 0.859535244720421 0.636600604006136 1 1 1 -9999 -9999 -9999 -9999 -9999 0.357721825137377 -9999
-9999 0.862325941462694 0.364048721487546 0.277549487495352 1 -9999 -9999 -9999 -9999 -9999 -9999 1 -9999 -9999 -9999 -9999 1 1 -9999 -9999 1 1 1 1 1 1 1 1 1 1 1 1 0.862018358491063 0.641885792124109 1 1 1 1 1 1 1 1 1 1 0.861899294114929 -9999 -9999 1 -9999 -9999 -9999 -9999 -9999 -9999 -9999 1 1 1 1 1 1 1 1 1 0.861700853488102 0.64220329712704 1 -9999 -9999 0.496105771416158 -9999 -9999 -9999 -9999 0 0.278989475291737
-9999 -9999 0.722470512334858 0.277549487495352 1 -9999 -9999 -9999 -9999 -9999 -9999 1 1 -9999 -9999 -9999 1 1 -9999 1 1 1 1 1 1 1 1 1 1 1 -9999 -9999 -9999 1 1 1 1 1 1 1 -9999 1 1 1 1 1 1 1 1 1 1 -9999 1 -9999 1 1 1 1 1 1 1 1 1 1 1 -9999 -9999 -9999 -9999 -9999 0.64226732943021 1 0.861627055802158 0.503914228495114 0.503914228495114 0.642316937586959
-9999 -9999 0.86232712056147 0.641617029076335 1 -9999 -9999 -9999 -9999 -9999 -9999 1 -9999 -9999 -9999 -9999 1 1 1 -9999 1 1 1 1 1 1 1 1 1 -9999 -9999 -9999 -9999 -9999 1 1 1 1 1 1 1 1 1 1 1 1 1 1 1 1 1 1 1 1 1 1 1 1 1 1 1 1 1 1 -9999 -9999 -9999 1 1 1 1 1 1 1 1 1
-9999 -9999 1 1 -9999 -9999 -9999 -9999 -9999 -9999 -9999 1 -9999 -9999 -9999 -9999 0.859996735220087 0.636059115460461 1 -9999 -9999 1 1 1 1 1 1 1 1 1 -9999 -9999 -9999 -9999 1 1 1 1 -9999 1 1 1 1 1 1 1 1 1 1 1 1 1 1 1 1 1 0.859593575254045 -9999 1 1 1 -9999 -9999 1 1 1 1 1 1 1 1 1 1 -9999 1 1
-9999 -9999 1 1 -9999 -9999 -9999 -9999 -9999 -9999 -9999 1 1 -9999 -9999 1 0.862199335652929 0.641784813008127 -9999 -9999 1 -9999 1 1 1 1 1 1 1 1 1 1 -9999 -9999 -9999 1 1 -9999 1 1 1 1 1 1 1 1 1 1 1 1 1 1 1 1 1 1 -9999 -9999 1 1 1 1 -9999 1 1 1 0.859487209097878 -9999 -9999 -9999 -9999 -9999 -9999 -9999 -9999 -9999
-9999 -9999 -9999 1 -9999 -9999 -9999 -9999 -9999 -9999 -9999 1 1 1 -9999 1 1 -9999 -9999 -9999 -9999 -9999 -9999 1 1 1 1 1 1 1 1 1 1 -9999 -9999 1 -9999 1 1 1 1 1 1 1 1 1 1 1 1 1 1 1 1 1 1 1 -9999 -9999 1 1 1 1 1 1 0.859501792531273 -9999 -9999 -9999 -9999 -9999 -9999 -9999 -9999 -9999 -9999 -9999
-9999 -9999 -9999 -9999 -9999 -9999 -9999 -9999 -9999 -9999 -9999 1 1 1 1 1 1 -9999 -9999 -9999 -9999 -9999 -9999 -9999 -9999 1 -9999 -9999 1 -9999 -9999 1 1 1 -9999 1 -9999 -9999 -9999 1 1 1 -9999 1 1 1 1 1 1 1 1 1 1 1 1 1 1 1 1 1 1 -9999 -9999 1 -9999 -9999 -9999 -9999 -9999 -9999 -9999 -9999 -9999 1 1 1
-9999 -9999 -9999 0.277549487495352 1 -9999 -9999 -9999 -9999 -9999 -9999 -9999 1 1 1 1 -9999 -9999 -9999 -9999 -9999 -9999 -9999 -9999 -9999 -9999 -9999 1 1 -9999 -9999 1 1 -9999 -9999 -9999 -9999 -9999 1 0.859742656779629 0.636233195854959 1 1 1 1 1 1 1 1 1 1 1 1 1 1 1 1 1 1 1 1 -9999 1 1 -9999 -9999 -9999 -9999 -9999 -9999 -9999 -9999 -9999 -9999 -9999 -9999
-9999 -9999 -9999 0.277549487495352 1 -9999 -9999 0.504054227875723 -9999 -9999 -9999 -9999 -9999 1 1 1 1 -9999 -9999 -9999 -9999 -9999 -9999 -9999 -9999 -9999 -9999 -9999 -9999 -9999 -9999 1 -9999 -9999 1 -9999 -9999 1 0.85974717241388 0.498202107901136 0.642070719515467 1 1 1 1 1 1 1 1 1 1 1 1 1 1 1 1 1 1 -9999 -9999 -9999 1 1 -9999 -9999 -9999 -9999 -9999 -9999 -9999 -9999 -9999 1 -9999 -9999
-9999 -9999 -9999 -9999 1 1 -9999 -9999 -9999 -9999 -9999 -9999 1 1 1 -9999 -9999 -9999 -9999 -9999 -9999 -9999 -9999 -9999 -9999 -9999 -9999 -9999 -9999 1 -9999 -9999 -9999 -9999 1 1 1 1 0.862008910988 0.642075235230662 1 1 1 1 0.859681119054164 0.636254734557654 1 1 1 1 1 1 1 1 1 -9999 0.636365629948141 1 1 0.859529898067468 0.357716477710312 -9999 1 1 1 1 1 -9999 1 1 1 1 1 1 1 1
0 -9999 -9999 0.641732620646908 1 1 -9999 -9999 -9999 -9999 -9999 -9999 0.859998169260818 0.495905772301306 0.63592776663869 0.86224259067508 0.641861555055071 -9999 -9999 -9999 -9999 -9999 -9999 -9999 -9999 -9999 -9999 -9999 1 -9999 -9999 -9999 1 1 1 1 1 1 1 1 1 1 1 1 0.86195496776464 0.642149177965358 1 1 1 1 1 1 1 1 1 0.861845869419421 0.642258276310865 1 1 0.861806197293821 0.363608470602138 -9999 0.495905772301306 0.495905772301307 0.636431856594373 1 -9999 1 1 1 1 1 1 1 1 1
-9999 -9999 -9999 1 1 -9999 0.862337405122764 -9999 -9999 -9999 -9999 -9999 -9999 0.504114227610392 0.641856163538746 1 -9999 0.859942203700145 0.635953650888637 1 -9999 -9999 -9999 -9999 -9999 -9999 1 1 -9999 -9999 -9999 1 1 0.8597808885144 0.636114966074489 1 1 0.859740559718018 0.636155294870794 1 1 1 1 1 1 1 1 -9999 -9999 -9999 -9999 1 1 1 1 1 1 1 1 -9999 -9999 -9999 -9999 -9999 -9999 -9999 -9999 1 1 -9999 1 1 1 1 1 1
-9999 0.364232196242575 -9999 1 1 1 -9999 -9999 -9999 -9999 -9999 -9999 -9999 -9999 1 0.859956812333215 -9999 0.862233867742598 0.641910277010748 1 1 -9999 -9999 -9999 -9999 -9999 1 1 1 -9999 0.636060199131478 1 0.859785408148462 0.357940964518249 0.278169482241349 1 1 0.862035523114563 0.642108621638813 1 1 1 1 -9999 -9999 1 1 1 -9999 -9999 -9999 1 1 -9999 -9999 -9999 -9999 -9999 -9999 -9999 -9999 -9999 -9999 -9999 -9999 -9999 -9999 -9999 -9999 -9999 1 1 1 1 1 -9999
-9999 0.722490512165765 0.277529487665143 1 1 0.860052086559055 -9999 -9999 -9999 -9999 -9999 -9999 -9999 -9999 -9999 -9999 0.137750658860972 0.495845772566638 0.635924764995877 1 1 0.859890758573505 0.635965096992248 1 0.85986050957622 0.635995345989504 1 1 1 0.86212042233077 0.642043721934018 1 0.862090671836551 0.363923990017707 0.137929161826424 0.636096175980464 1 0.859729430588003 0.636126424977827 1 -9999 -9999 -9999 1 1 1 0.859638683596051 0.636217171969595 1 1 1 1 1 1 1 1 1 -9999 -9999 -9999 -9999 -9999 -9999 -9999 -9999 -9999 -9999 -9999 -9999 -9999 0.636449080948879 1 1 1 1 1
-9999 0.358229416430762 -9999 -9999 1 0.722410512843626 0.137645938381794 0.635799404659585 -9999 -9999 -9999 -9999 -9999 1 0.859955784202113 -9999 0 0 0.137764935558718 0.635920405448653 1 0.722090515555552 0.137804601284354 0.495825772655366 0.358001338508209 0.137834350578559 0.495825772655366 0.636001072641402 1 1 1 1 1 0.862086317970123 0.504174227344634 0.642107742237314 1 0.862046652244517 0.642137491531624 -9999 -9999 -9999 1 1 1 1 0.861957404361721 0.642226739414238 1 1 1 1 1 1 -9999 -9999 -9999 -9999 -9999 -9999 -9999 -9999 -9999 -9999 -9999 -9999 -9999 -9999 -9999 0.721130523691366 -9999 1 0.859370947054744 0.636464908999625 1 -9999
-9999 -9999 0.641794949347303 -9999 0.860051066827785 0.358175302558583 -9999 0.64184452950423 1 -9999 -9999 -9999 -9999 1 0.862280285532149 0.364134372294186 0 0 0.140090106359449 0.641963521881217 1 0.862210873312226 0.504194227256332 0.504194227256332 0.504194227256332 0.504194227256332 0.504194227256332 0.642042850132576 1 0.859798971850618 0.636016884692154 1 1 1 1 1 1 -9999 -9999 -9999 1 1 1 1 1 1 1 1 -9999 -9999 1 1 1 1 1 1 -9999 1 -9999 -9999 -9999 -9999 -9999 -9999 -9999 -9999 -9999 -9999 1 1 -9999 -9999 -9999 -9999 -9999 1
-9999 -9999 1 1 0.8623849972115 0.504214227167819 0.641849061219219 1 -9999 -9999 -9999 -9999 1 1 1 0.862275925265864 0.504214227167819 0.364128648042412 0.277849484953003 1 1 1 1 1 1 1 1 1 0.859803494684609 0.357922879258096 0.278089482919056 1 1 1 1 -9999 -9999 -9999 -9999 -9999 1 1 -9999 1 1 1 -9999 -9999 -9999 -9999 1 1 1 1 1 1 1 1 1 1 1 -9999 -9999 -9999 -9999 -9999 1 1 -9999 -9999 -9999 -9999 -9999 1 1 1
-9999 1 1 1 1 1 1 1 1 -9999 -9999 -9999 -9999 -9999 1 1 1 0.722170514877632 0.137748264663343 0.495765772920697 0.495765772920697 0.495765772920697 0.495765772920697 0.495765772920697 0.495765772920697 0.63593758540384 1 1 0.862152583022352 0.504234227079303 0.642101474519785 1 1 -9999 -9999 -9999 -9999 -9999 -9999 1 1 1 1 1 1 1 1 1 -9999 1 -9999 1 1 1 1 1 1 1 1 1 -9999 -9999 -9999 -9999 -9999 -9999 -9999 1 1 1 1 1 1 1 1 1
-9999 -9999 -9999 1 1 1 1 1 1 -9999 -9999 -9999 -9999 -9999 -9999 -9999 1 0.722170514877632 0.140106777254706 0.504254226990575 0.36412727973772 0 0 0 0 0.277989483766434 1 1 1 1 1 -9999 -9999 -9999 -9999 -9999 0.859711692762008 0.495745773009425 0.495745773009425 0.636064335244703 1 1 1 1 1 1 1 1 -9999 -9999 -9999 1 1 1 1 1 1 1 1 1 -9999 -9999 -9999 -9999 1 1 1 1 1 1 1 1 1 1 1 1
-9999 -9999 -9999 1 1 1 1 0.859998605169852 0.635737253326791 1 -9999 -9999 -9999 -9999 -9999 1 1 0.722170514877632 0.277849484953003 0.859877580381093 0.357968793501555 0 0 0.140162761215202 0.504274226902488 0.642080778655582 1 1 1 1 1 -9999 -9999 1 1 0.859716213996009 0.357810162598535 0 0.140314042201262 0.642219580695852 1 1 1 0.859635530803467 0.636100327693177 1 1 -9999 -9999 1 -9999 -9999 -9999 -9999 1 1 1 1 1 1 1 1 1 1 1 1 1 1 1 1 1 1 1 1 1 1
-9999 -9999 -9999 -9999 -9999 1 1 0.862377460577971 0.641926680267509 -9999 1 -9999 -9999 -9999 -9999 1 1 0.722170514877632 -9999 0.862258492200676 0.364156164030808 0 0 0.277949484105412 1 1 1 0.859791336623493 0.635924522361693 1 1 1 1 1 1 0.721810517928536 0 0 0.137929874396859 0.495705773186028 0.63604555195039 1 1 0.862020555445978 0.642283585399502 1 1 1 -9999 1 1 -9999 -9999 -9999 0.859519020048765 0.636196838936235 1 1 1 1 1 1 1 1 1 1 1 1 1 1 1 1 1 1 1 -9999
-9999 -9999 -9999 -9999 -9999 1 1 1 0.859977413840466 0.635718445633257 1 -9999 -9999 -9999 -9999 -9999 -9999 0.862283876828592 0.642040263528166 -9999 0.722110515385974 0.140153706747213 0.504314226725243 0.642089831685354 1 1 0.859795862257459 0.498084737730373 0.642139399842678 1 0.859755517461254 0.495685773274756 0.495685773274757 0.635960514410635 1 0.862105431462502 0.364009226992155 0.140315085932054 0.504314226725243 0.504314226725243 0.642258363420035 1 1 1 1 1 1 1 1 1 -9999 -9999 -9999 -9999 0.721430521148804 0.278589478681524 1 1 1 -9999 -9999 -9999 1 1 1 1 1 1 1 1 1 1 1 1 -9999 -9999
-9999 -9999 -9999 -9999 1 1 0.859992034073446 0.495665773363485 0.358044425840142 0.277669486478301 -9999 -9999 -9999 -9999 -9999 -9999 -9999 -9999 -9999 -9999 0.862259693699209 0.64208444616872 -9999 1 1 -9999 0.862200214310475 0.642143925557407 1 -9999 0.862160561384675 0.504334226636515 0.504334226636515 0.501923100845322 0.495665773363484 0.635966250662409 0.862101081995941 0.642243057871941 1 1 1 -9999 1 1 1 1 1 1 1 1 -9999 -9999 -9999 -9999 -9999 -9999 1 1 1 1 1 -9999 -9999 1 1 -9999 1 1 1 1 1 1 1 -9999 -9999 -9999
-9999 -9999 1 0.860016742905369 0.635639117545266 1 0.72239051301299 0 0 0.277669486478301 -9999 -9999 -9999 -9999 -9999 -9999 -9999 -9999 -9999 -9999 1 1 -9999 -9999 -9999 -9999 0.495645773451571 0.495645773451571 0.635881205522397 -9999 -9999 1 1 0.721850517589499 0 0.278189482071464 1 1 1 1 1 1 1 1 1 1 1 1 1 1 -9999 -9999 -9999 -9999 -9999 -9999 -9999 1 1 1 1 1 -9999 -9999 -9999 -9999 -9999 1 1 1 1 1 -9999 -9999 -9999 -9999
-9999 -9999 -9999 0.862439320564461 -9999 0.8599910171421 0.358035356810084 0.140029157655957 0.364334981404849 0.277669486478301 -9999 -9999 -9999 1 -9999 -9999 -9999 -9999 -9999 -9999 -9999 -9999 1 -9999 -9999 -9999 0.504374226459912 -9999 -9999 -9999 -9999 -9999 -9999 0.862141947620521 0.364072709029677 0.137877877242386 0.495625773540088 0.495625773540088 0.495625773540088 0.495625773540088 0.635987815364416 1 1 1 1 1 1 1 1 1 1 1 1 -9999 -9999 1 0.859476559790893 0.495625773540088 0.495625773540088 0.495625773540088 0.636189563345202 1 1 1 1 1 1 1 1 1 1 1 1 1 1 1
-9999 -9999 -9999 -9999 -9999 0.862425047466639 0.504394226371184 0.641989002967462 0.862395311372187 0.642008827030379 -9999 -9999 -9999 0.859904762984722 0.635711098443147 -9999 -9999 -9999 -9999 -9999 -9999 -9999 1 -9999 -9999 -9999 -9999 -9999 0.859753445999127 -9999 -9999 -9999 1 -9999 -9999 0 0 0 0 0 0.278289481224086 1 1 1 1 1 1 1 1 1 1 1 1 1 1 1 0.861919533861525 0.504394226371184 0.504394226371184 0.504394226371184 0.642514340635387 1 1 1 0.859390285233856 0.495605773628816 0.636235663993007 1 1 1 1 1 1 1 1 1
-9999 -9999 -9999 -9999 -9999 1 1 1 1 1 -9999 -9999 -9999 0.862351306180028 0.642072831734136 -9999 -9999 -9999 -9999 -9999 -9999 -9999 0.859808414228289 0.495585773717329 -9999 -9999 -9999 -9999 -9999 -9999 -9999 -9999 -9999 -9999 -9999 -9999 -9999 -9999 -9999 0 0.137916307869833 0.63596903527057 1 1 1 1 1 1 0.859546121053494 0.495585773717329 0.636059829061871 1 1 1 1 1 -9999 -9999 -9999 -9999 1 1 1 1 0.861845812974727 0.363788847952671 0.1381740102882 0.495585773717329 0.495585773717329 0.495585773717329 0.63626159304245 -9999 1 1 1 1
-9999 -9999 -9999 1 -9999 1 1 1 1 1 -9999 -9999 -9999 -9999 1 -9999 -9999 -9999 -9999 -9999 -9999 -9999 -9999 0.504434226194581 -9999 -9999 -9999 -9999 0 0 -9999 -9999 -9999 -9999 -9999 -9999 -9999 -9999 -9999 -9999 0 0.137920653336162 0.635964690122808 0.859590995083598 0.635984867320912 1 1 -9999 -9999 -9999 0.278489479529116 1 1 1 1 1 -9999 -9999 -9999 -9999 -9999 -9999 -9999 1 1 0.861841477108274 0.504434226194581 0.363783094901573 0 0.140671308491034 0.642642305243679 1 1 1 1 1
-9999 -9999 -9999 1 0.859978899080418 0.635576963812737 1 1 1 1 0.859918365086264 0.495545773894147 0.495545773894147 0.635657675804877 1 -9999 -9999 -9999 -9999 -9999 -9999 -9999 -9999 -9999 -9999 -9999 -9999 -9999 0.504454226105853 0.504454226105853 -9999 -9999 -9999 -9999 -9999 -9999 -9999 -9999 0 0.140374215885365 -9999 0.504454226105853 0.642379224108591 0.721650519284469 0.137944819665762 0.635980523773482 1 1 -9999 -9999 0.642458510760487 1 1 1 1 1 1 1 1 1 -9999 -9999 -9999 -9999 -9999 1 1 0.86182723121013 0.504454226105853 0.64264681655867 1 1 1 1 1 1
-9999 -9999 1 1 0.722430512674107 0.277589487156374 1 1 1 1 0.862397702369828 0.504474226017125 0.504474226017125 0.642106254941704 1 -9999 -9999 -9999 -9999 -9999 -9999 -9999 1 -9999 -9999 -9999 -9999 0.642245000982545 -9999 -9999 -9999 -9999 -9999 -9999 -9999 -9999 -9999 -9999 0.364104534165902 -9999 -9999 -9999 -9999 0.498016570959816 0.504474226017125 0.642423388749377 0.859549592956678 0.635986270425122 1 -9999 -9999 1 1 1 1 -9999 -9999 -9999 -9999 1 1 -9999 -9999 -9999 -9999 -9999 1 1 0.859327626178374 0.495525773982875 0.636218326602507 1 1 1 1 1
-9999 -9999 -9999 1 -9999 0.642041419636111 1 1 1 1 1 0.859897167757062 0.635618696113354 -9999 -9999 -9999 -9999 -9999 -9999 -9999 -9999 -9999 1 1 -9999 -9999 -9999 -9999 -9999 -9999 -9999 -9999 -9999 -9999 -9999 -9999 0.1378544046839 -9999 -9999 -9999 -9999 -9999 -9999 0.64241800083293 1 1 -9999 0.501991575951663 0.635981928877696 1 1 1 1 1 1 1 1 1 1 -9999 -9999 -9999 -9999 -9999 -9999 -9999 -9999 1 0.861828474308262 0.504494225928612 0.642685571683318 1 1 1 1 0.859251420620465
-9999 -9999 -9999 1 1 1 1 -9999 1 -9999 1 0.722290513860582 0.277729485969959 1 1 -9999 1 1 -9999 -9999 -9999 1 1 1 -9999 -9999 -9999 -9999 -9999 -9999 -9999 -9999 -9999 -9999 -9999 -9999 -9999 -9999 -9999 -9999 -9999 -9999 -9999 -9999 1 1 1 0.862042153534819 0.642481981937297 1 0.859498095830639 0.495485774159479 0.495485774159479 0.636017948925817 1 1 0.859437554636469 0.636058309721864 1 1 1 1 -9999 -9999 -9999 -9999 -9999 1 1 1 1 1 1 1 1 0.721010524708263
