Data/MaxEnt_Env layers_1min/tex4_1min.asc
NCOLS 486 
NROWS 242 
XLLCORNER 17.7462665 
YLLCORNER -34.9334335 
CELLSIZE 0.016667 
NODATA_value -9999 
[rows 140 to 174 of 242, columns 312 to 389 of 486]
-9999 -9999 -9999 -9999 -9999 -9999 -9999 -9999 -9999 -9999 -9999 -9999 -9999 -9999 -9999 -9999 -9999 -9999 -9999 0 0 0 -9999 -9999 -9999 0 0 0 0 0 0 -9999 -9999 -9999 -9999 -9999 -9999 -9999 -9999 -9999 -9999 -9999 -9999 -9999 -9999 -9999 -9999 -9999 -9999 -9999 -9999 -9999 -9999 -9999 -9999 -9999 -9999 -9999 -9999 -9999 -9999 -9999 -9999 -9999 -9999 -9999 -9999 -9999 -9999 -9999 -9999 -9999 -9999 -9999 -9999 -9999 -9999 -9999
-9999 -9999 -9999 -9999 -9999 -9999 -9999 -9999 -9999 -9999 -9999 -9999 0 0 -9999 0 0 0 0 -9999 0 0 0 0 0 -9999 -9999 -9999 -9999 -9999 -9999 -9999 -9999 -9999 -9999 -9999 -9999 -9999 -9999 -9999 -9999 -9999 -9999 -9999 -9999 -9999 -9999 -9999 -9999 -9999 -9999 -9999 -9999 -9999 -9999 -9999 -9999 -9999 -9999 -9999 -9999 -9999 -9999 -9999 -9999 -9999 -9999 -9999 -9999 -9999 -9999 -9999 -9999 -9999 -9999 -9999 -9999 -9999
0 0 0 0 0 0 0 0 0 0 0 0 0 0 -9999 -9999 -9999 -9999 -9999 -9999 -9999 -9999 -9999 0 0 0 0 0 0 -9999 -9999 -9999 -9999 -9999 -9999 -9999 -9999 -9999 -9999 -9999 -9999 -9999 -9999 -9999 -9999 -9999 -9999 -9999 -9999 -9999 -9999 -9999 -9999 -9999 -9999 -9999 -9999 -9999 -9999 -9999 -9999 -9999 -9999 -9999 -9999 -9999 -9999 -9999 -9999 -9999 -9999 -9999 -9999 -9999 -9999 -9999 -9999 -9999
-9999 -9999 -9999 0 0 0 0 0 0 0 0 0 -9999 -9999 -9999 -9999 -9999 -9999 -9999 0 0 0 0 0 0 0 0 0 0 0 0 0 -9999 -9999 -9999 -9999 -9999 -9999 -9999 0 0 -9999 0 0 -9999 -9999 -9999 -9999 -9999 -9999 -9999 -9999 -9999 -9999 -9999 -9999 -9999 -9999 -9999 -9999 -9999 -9999 -9999 -9999 -9999 -9999 -9999 -9999 -9999 -9999 -9999 -9999 -9999 -9999 -9999 -9999 -9999 -9999
-9999 -9999 -9999 -9999 -9999 -9999 -9999 -9999 -9999 -9999 -9999 -9999 -9999 -9999 -9999 -9999 -9999 -9999 -9999 0 0 0 0 0 0 0 0 0 0 0 -9999 -9999 -9999 -9999 0 0 0 0 0 0 0 0 0 0 0.283089440545443 0.859581745669594 0.361312961808036 0 -9999 -9999 -9999 -9999 -9999 -9999 -9999 -9999 -9999 -9999 -9999 -9999 -9999 -9999 -9999 -9999 -9999 -9999 -9999 -9999 -9999 -9999 -9999 -9999 -9999 -9999 -9999 -9999 -9999 -9999
-9999 -9999 -9999 -9999 -9999 -9999 -9999 -9999 -9999 -9999 -9999 -9999 -9999 -9999 -9999 -9999 -9999 -9999 -9999 0 0 0 0 0 0 0 0 0 0 0 0 0 0 -9999 0 0 0 0 0 0 0 0 0.142666606411978 0.504034227964451 0.644436900899683 0.857303151790673 0.35554326063751 0 -9999 -9999 -9999 -9999 -9999 -9999 -9999 -9999 -9999 -9999 -9999 -9999 -9999 -9999 -9999 -9999 -9999 -9999 -9999 -9999 -9999 -9999 -9999 -9999 -9999 -9999 -9999 -9999 -9999 -9999
-9999 -9999 -9999 -9999 -9999 -9999 -9999 -9999 -9999 -9999 -9999 -9999 -9999 -9999 -9999 -9999 -9999 -9999 -9999 0 0 0 0 0 0 0 0 0 0 0 0 0 0 0 0 0 0 0 0 0 0 0 0.140377173508798 0.495945772124277 0.495945772124277 0.355538842121367 0 0 -9999 -9999 -9999 -9999 -9999 -9999 -9999 -9999 -9999 -9999 -9999 -9999 -9999 -9999 -9999 -9999 -9999 -9999 -9999 -9999 -9999 -9999 -9999 -9999 -9999 -9999 -9999 -9999 -9999 -9999
-9999 -9999 -9999 -9999 -9999 -9999 -9999 -9999 -9999 -9999 -9999 -9999 -9999 -9999 -9999 0.50407422778721 -9999 0.50407422778721 0.50407422778721 0.50407422778721 0.50407422778721 0.361608008829204 -9999 0 0 0 0 0 -9999 0.142546870150854 0.50407422778721 0.50407422778721 0.50407422778721 0.50407422778721 0.50407422778721 0.361466869241613 0.142617439944672 0.50407422778721 0.50407422778721 0.50407422778721 0.50407422778721 0.50407422778721 0.50407422778721 0.50407422778721 0.50407422778721 0.50407422778721 0.50407422778721 0.361345892452235 -9999 -9999 -9999 -9999 -9999 -9999 -9999 -9999 -9999 -9999 -9999 -9999 -9999 -9999 -9999 -9999 -9999 -9999 -9999 -9999 -9999 -9999 -9999 -9999 -9999 -9999 -9999 -9999 -9999 -9999
-9999 -9999 -9999 -9999 -9999 -9999 -9999 -9999 1 -9999 -9999 1 0.85993168936058 0.504094227698693 0.644182374400952 1 1 1 1 1 1 0.85984242707794 0.504094227698693 0.504094227698693 0.504094227698693 0.361582028980443 0 0 0.142542444115476 0.644331144871801 1 1 -9999 -9999 -9999 0.717090557929105 0.14030634339285 0.495905772301306 0.638549034408112 1 1 1 1 1 1 1 1 0.716850559963112 0 -9999 -9999 -9999 -9999 -9999 -9999 -9999 -9999 -9999 -9999 -9999 -9999 -9999 -9999 -9999 -9999 -9999 -9999 -9999 -9999 -9999 -9999 -9999 -9999 -9999 -9999 -9999 -9999 -9999
-9999 -9999 -9999 -9999 -9999 -9999 0.644117383497517 1 1 1 1 1 1 1 1 1 1 1 0.857552722511584 0.63834313207712 1 1 1 1 1 0.717290556234195 0 0 0.140221343777725 0.495885772389608 0.495885772389608 0.495885772389608 0.355624758086233 0.140270931934837 0.495885772389608 0.35559500519197 0 0 0.140320520091903 0.495885772389608 0.495885772389608 0.495885772389608 0.495885772389608 0.495885772389608 0.495885772389608 0.495885772389608 0.495885772389608 0.355475993615231 -9999 -9999 -9999 -9999 -9999 -9999 -9999 -9999 -9999 -9999 -9999 -9999 -9999 -9999 -9999 -9999 -9999 -9999 -9999 -9999 -9999 -9999 -9999 -9999 -9999 -9999 -9999 -9999 -9999 -9999
-9999 -9999 1 1 1 1 1 1 1 -9999 -9999 -9999 -9999 -9999 -9999 -9999 -9999 -9999 -9999 -9999 -9999 1 -9999 -9999 1 -9999 0 0 0 0.142563837442406 0.504134227521879 0.361550224881292 0 0 0 0 0 0 0 0 0 0 0 0 0 0 -9999 0 -9999 -9999 -9999 -9999 -9999 -9999 -9999 -9999 -9999 -9999 -9999 -9999 -9999 -9999 -9999 -9999 -9999 -9999 -9999 -9999 -9999 -9999 -9999 -9999 -9999 -9999 -9999 -9999 -9999 -9999
1 1 1 1 1 1 1 -9999 -9999 -9999 -9999 -9999 -9999 -9999 -9999 -9999 -9999 -9999 -9999 -9999 -9999 0.638334601780192 1 1 1 -9999 -9999 0.504154227433362 0.504154227433362 0.644374177314917 1 0.859760216455652 0.504154227433362 0.504154227433362 0.504154227433362 0.504154227433362 0.361514153233452 0 0 0 0 0 0 0 0 -9999 -9999 -9999 -9999 -9999 -9999 -9999 -9999 -9999 -9999 -9999 -9999 -9999 -9999 -9999 -9999 -9999 -9999 -9999 -9999 -9999 -9999 -9999 -9999 -9999 -9999 -9999 -9999 -9999 -9999 -9999 -9999 -9999
1 1 1 -9999 -9999 -9999 -9999 -9999 -9999 -9999 -9999 -9999 -9999 -9999 -9999 -9999 -9999 -9999 -9999 -9999 -9999 0.140134962666572 0.638330337831812 1 1 1 1 1 1 1 1 1 1 1 1 1 0.859716290862328 0.504174227344634 0.361508327782692 0 0 0 0 0 -9999 -9999 -9999 -9999 -9999 -9999 -9999 -9999 -9999 -9999 -9999 -9999 -9999 -9999 -9999 -9999 -9999 -9999 -9999 -9999 -9999 -9999 -9999 -9999 -9999 -9999 -9999 -9999 -9999 -9999 -9999 -9999 -9999 -9999
-9999 -9999 -9999 -9999 -9999 -9999 -9999 -9999 -9999 -9999 -9999 -9999 -9999 -9999 -9999 -9999 -9999 -9999 -9999 -9999 -9999 -9999 0.140139226134047 0.495805772743667 0.638336158482083 1 1 1 1 1 1 0.857399027667953 0.63841682887479 1 1 1 1 1 0.859702117363235 0.504194227256332 0.361502500732426 0 0 0 -9999 -9999 1 1 1 1 1 1 1 1 0.859543460860622 0.644660682427118 -9999 -9999 -9999 -9999 -9999 -9999 -9999 -9999 -9999 -9999 -9999 -9999 -9999 -9999 -9999 -9999 -9999 -9999 -9999 -9999 -9999 -9999
-9999 -9999 -9999 -9999 -9999 -9999 -9999 -9999 -9999 -9999 -9999 -9999 -9999 -9999 -9999 -9999 -9999 -9999 -9999 -9999 -9999 -9999 -9999 -9999 0.140153404432898 0.495785772832181 0.495785772832181 -9999 0.495785772832181 0.495785772832181 0.495785772832181 -9999 0.140232729484298 0.638412570126266 1 1 1 1 1 1 0.859687945464225 0.504214227167819 0.504214227167819 0.504214227167819 0.644565944229271 1 1 1 1 1 1 1 1 1 1 1 1 0.859519379730088 0.504214227167819 0.644714678700555 -9999 -9999 -9999 -9999 -9999 -9999 -9999 -9999 -9999 -9999 -9999 -9999 -9999 -9999 -9999 -9999 -9999 -9999
-9999 -9999 -9999 -9999 -9999 -9999 -9999 -9999 -9999 -9999 0 0 -9999 -9999 -9999 -9999 -9999 -9999 -9999 -9999 -9999 -9999 -9999 -9999 0 0 -9999 -9999 -9999 0 0 -9999 0 0.140236987751976 0.495765772920697 0.495765772920697 0.495765772920697 0.63843856597485 -9999 -9999 1 1 1 1 1 1 1 1 1 1 1 1 1 1 1 1 1 1 1 1 1 0.859485385768106 0.504234227079303 -9999 -9999 -9999 -9999 -9999 -9999 -9999 -9999 -9999 -9999 -9999 -9999 -9999 -9999 -9999
-9999 -9999 -9999 -9999 -9999 -9999 -9999 -9999 0 0 0 0 0 0 0 0 -9999 0 -9999 -9999 0 0 0 0 0 0 0 0 0.142587687026162 0.504254226990575 0.504254226990575 0.504254226990575 -9999 0.504254226990575 0.504254226990575 0.361595944970781 0 0.282949441731798 -9999 1 1 1 1 1 1 1 1 1 1 1 -9999 -9999 1 1 1 1 1 1 1 1 1 1 1 1 1 1 0.859441480174418 -9999 -9999 -9999 -9999 -9999 -9999 -9999 -9999 -9999 -9999 -9999
-9999 -9999 -9999 -9999 0 0 0 0 0 0 0 0 -9999 0 0 0 0 0 0 0 0.142512659197654 0.504274226902488 0.504274226902488 0.504274226902488 0.504274226902488 0.504274226902488 0.504274226902488 0.504274226902488 0.644450327769465 1 1 1 0.857366316013556 0.495725773097512 0.638379627882172 0.85975449811282 0.504274226902488 0.644539557652493 1 1 -9999 -9999 -9999 -9999 -9999 -9999 -9999 1 1 1 1 -9999 -9999 -9999 -9999 -9999 -9999 -9999 -9999 -9999 1 1 1 1 1 1 1 1 1 1 0.859407493012334 0.644876648321445 1 0.859377749718188 0.504274226902488 0.504274226902488 0.504274226902488 0.504274226902488
-9999 -9999 -9999 0 0 0 0 0 0 0 0 0 0 0 0 0 0 0.142488053964383 0.504294226813971 0.504294226813972 0.644385360065623 1 1 1 1 1 1 1 -9999 -9999 1 1 0.859789898371022 0.504294226813971 0.64452415650592 1 1 1 1 1 1 0.716970558946215 0.140309241943514 0.638456057926013 1 1 1 1 1 -9999 1 1 1 1 1 1 -9999 1 1 1 -9999 -9999 -9999 1 1 1 1 1 1 1 1 1 1 1 1 1 1 1
-9999 0.504314226725244 0.504314226725243 0.504314226725243 -9999 -9999 0 0 0 0 0 0 0 0 0.142463446331084 -9999 0.504314226725244 0.644369966918765 1 1 1 -9999 0.857455864076426 0.495685773274757 -9999 0.638260167795432 1 -9999 -9999 -9999 1 1 1 1 1 1 1 1 1 1 1 0.716970558946215 0.142745859904669 0.644627721336462 1 0.857223881498199 0.495685773274757 0.638482064174645 1 1 1 1 1 1 1 1 1 1 1 1 -9999 -9999 -9999 -9999 -9999 -9999 -9999 -9999 1 1 1 1 1 1 1 1 1 1
1 1 1 1 0.860078782779173 0.361955909933118 0 0 0 0 0 0 0 0 -9999 1 1 1 0.857490557508883 -9999 -9999 0.495665773363485 0.355566117976445 -9999 0.504334226636515 -9999 -9999 1 1 1 1 1 1 1 1 1 1 1 1 1 1 0.859711993215441 0.644632146652623 1 1 0.859672340289564 0.504334226636515 0.644681712809837 1 0.857177872938356 0.495665773363484 0.495665773363485 0.495665773363485 0.638528246821468 1 1 1 1 1 1 1 1 -9999 -9999 -9999 -9999 -9999 -9999 -9999 -9999 -9999 -9999 -9999 -9999 1 1 1 1
1 1 1 1 -9999 0.860074515711881 0.361960176681815 -9999 -9999 -9999 -9999 0 0 0.142464658859927 0.644368926319761 1 1 0.857494993143938 0.355591422354417 -9999 -9999 -9999 -9999 -9999 1 1 1 1 1 1 1 1 1 1 1 1 1 1 1 1 1 1 1 1 1 1 1 1 1 0.859638351127641 0.504354226548429 0.504354226548429 0.504354226548429 0.644755526746761 1 1 1 1 1 1 1 1 1 1 1 -9999 -9999 -9999 -9999 -9999 -9999 1 -9999 -9999 -9999 0.63873582625237 1 1
1 1 1 1 1 0.857610390968573 -9999 0 0 -9999 -9999 -9999 -9999 -9999 1 1 -9999 0.859961212698216 0.504374226459912 0.644432838624632 1 1 1 1 1 1 1 1 1 1 1 1 1 1 1 1 1 1 1 1 1 1 1 1 1 1 1 1 1 1 1 1 1 1 1 1 1 1 1 1 1 1 1 1 1 1 1 1 -9999 -9999 1 1 1 1 -9999 -9999 -9999 -9999
1 1 1 1 1 -9999 0 0 0 -9999 -9999 0.495605773628816 0.495605773628816 -9999 -9999 0.638101906814478 1 1 1 1 1 1 1 1 1 1 1 1 1 1 1 1 1 1 1 1 1 1 1 1 1 1 1 1 1 1 1 1 1 1 1 1 1 1 1 1 1 1 1 1 1 1 1 1 1 1 1 1 -9999 1 1 1 1 1 1 1 -9999 1
1 1 -9999 -9999 -9999 -9999 -9999 0 -9999 0 -9999 0 -9999 -9999 0.504414226282671 0.644421888393727 1 1 1 1 1 1 1 1 1 1 1 1 1 1 1 1 1 1 1 1 1 1 1 1 1 1 1 1 1 1 1 1 1 1 1 1 1 1 1 1 1 1 1 1 1 1 1 1 1 1 1 1 1 1 1 1 1 0.856913101106656 0.638682760809721 0.856892924708482 0.638702937207835 -9999
0.857643895471745 0.495565773805419 -9999 -9999 -9999 -9999 0 0 0 0.142446901919511 -9999 -9999 0.644406504447208 1 1 1 1 1 1 1 1 1 1 1 1 1 1 -9999 -9999 -9999 1 -9999 1 1 1 1 1 1 1 1 1 1 1 1 1 1 1 1 1 1 1 1 1 1 1 1 1 1 1 1 1 1 1 1 1 1 1 1 1 1 1 1 1 0.859423136627077 0.645021000799002 0.859403314164005 0.501917985207801 -9999
-9999 0 0 -9999 -9999 -9999 -9999 -9999 0.504454226105853 0.6443911229002 1 1 1 1 1 1 1 1 1 1 -9999 -9999 1 1 -9999 -9999 1 1 1 -9999 -9999 -9999 -9999 -9999 1 1 1 1 1 1 1 1 1 1 1 1 1 1 1 1 1 1 1 1 1 1 1 1 1 1 1 1 1 1 1 1 1 1 1 1 1 1 1 1 1 1 0.859399077496093 -9999
-9999 -9999 -9999 -9999 -9999 -9999 -9999 -9999 -9999 1 1 1 1 -9999 -9999 1 1 1 -9999 1 1 1 1 1 1 1 1 1 1 1 1 1 1 1 1 1 1 1 1 1 1 1 1 1 1 1 1 1 1 1 1 1 1 1 1 1 1 1 1 1 1 1 1 1 1 1 1 1 1 1 1 1 1 1 1 1 1 1
-9999 -9999 -9999 -9999 0.504494225928612 0.644380187069109 1 1 1 1 1 -9999 1 -9999 1 1 1 1 1 1 1 1 1 1 1 1 1 1 -9999 1 1 1 1 1 1 1 1 1 1 1 1 1 1 1 1 1 1 1 1 1 1 1 1 1 1 1 1 1 1 1 1 1 1 1 1 1 1 1 1 1 1 1 1 1 1 1 1 1
1 -9999 1 1 1 1 1 1 1 1 1 1 -9999 -9999 -9999 -9999 -9999 -9999 -9999 -9999 -9999 -9999 -9999 1 -9999 -9999 -9999 -9999 -9999 -9999 1 1 1 1 1 1 1 1 1 1 1 1 1 1 1 1 1 1 1 1 1 1 1 1 1 1 1 1 1 -9999 1 1 1 1 1 1 1 1 1 1 1 1 1 1 1 1 1 1
1 1 1 1 1 -9999 -9999 -9999 -9999 -9999 -9999 -9999 -9999 -9999 -9999 1 1 1 1 1 -9999 -9999 1 1 1 1 -9999 -9999 -9999 -9999 -9999 -9999 -9999 1 1 1 1 1 1 1 1 1 1 1 1 1 1 1 1 1 1 1 1 1 1 1 1 1 1 -9999 -9999 -9999 1 1 1 1 1 1 1 1 1 1 1 1 1 1 1 1
1 -9999 1 -9999 1 1 1 1 1 1 1 1 1 -9999 1 1 1 1 1 1 1 -9999 1 1 1 1 -9999 1 -9999 -9999 -9999 -9999 -9999 -9999 -9999 1 1 -9999 1 1 1 1 1 1 1 1 1 1 1 1 1 1 1 1 -9999 1 1 -9999 1 -9999 -9999 1 -9999 1 1 1 1 1 1 1 1 1 1 1 1 1 1 1
-9999 -9999 -9999 1 -9999 -9999 -9999 -9999 1 1 1 1 -9999 1 1 1 1 1 1 1 1 1 1 1 1 1 1 1 -9999 1 1 1 -9999 -9999 -9999 1 -9999 -9999 -9999 -9999 -9999 -9999 1 1 1 1 1 1 1 1 1 1 1 1 1 1 1 1 1 1 1 1 1 1 -9999 1 1 1 -9999 1 1 1 1 1 1 1 1 1
1 1 1 1 1 1 1 1 1 1 1 1 1 1 1 1 1 1 1 1 1 1 1 1 1 1 1 1 1 1 1 1 1 1 1 1 -9999 -9999 1 -9999 -9999 -9999 1 1 1 1 1 1 1 1 1 1 1 1 1 1 -9999 1 -9999 1 1 1 1 -9999 -9999 1 -9999 1 -9999 1 1 1 1 1 1 1 -9999 1
1 1 1 1 1 1 1 1 1 1 1 1 1 1 1 1 1 1 1 1 1 1 1 1 1 1 1 1 1 1 1 1 1 1 1 1 1 1 1 -9999 -9999 -9999 -9999 -9999 -9999 -9999 -9999 -9999 -9999 1 1 1 1 1 1 1 -9999 -9999 1 1 1 1 1 1 1 1 1 1 1 1 1 1 1 1 1 1 -9999 -9999
