Data/Geology/CFRgeocombined.asc
NCOLS 472 
NROWS 226 
XLLCORNER 17.841667175293 
YLLCORNER -34.825000762939 
CELLSIZE 0.01666666667 
NODATA_value -9999 
[rows 135 to 161 of 226, columns 124 to 185 of 472]
0.102156104410057 0.102156104410057 0.102156104410057 0.102601656562765 0.136601462664404 0.113666837337705 0.113666837337705 0.113666837337705 0.113666837337705 0.086612816968632 0.379805493462559 -9999 -9999 -9999 -9999 -9999 -9999 0.402956513826591 0.402956513826591 0.402956513826591 0.40295651382659 0.0854432249067352 0.0854432249067352 0.0854432249067352 0.0854432249067352 0.40295651382659 0.40295651382659 0.402956513826591 0.0854432249067352 0.0854432249067352 0.0854432249067352 0.0854432249067352 0.0854432249067352 0.0854432249067352 0.122493355040124 0.122493355040124 0.122493355040124 0.122493355040124 0.122493355040124 0.122493355040124 0.114335843002448 0.114335843002448 0.113666837337705 0.114335843002448 0.114335843002448 0.114335843002448 0.114335843002448 0.114335843002448 0.114335843002448 0.114335843002448 0.114335843002448 0.114335843002448 0.114335843002448 0.0464890189054258 0.0464890189054258 0.0464890189054258 0.114335843002448 0.0464890189054258 0.0464890189054258 0.0464890189054258 0.0464890189054259 -9999
0.102156104410057 0.102156104410057 0.136601462664404 0.135169555159887 0.113666837337705 0.113666837337705 0.113666837337705 0.113666837337705 0.113666837337705 -0.0294384205035864 0.076218021402187 0.379805493462558 -9999 -9999 -9999 -9999 -9999 -9999 -9999 -9999 -9999 -9999 0.40295651382659 0.40295651382659 0.0854432249067349 0.0854432249067349 0.0854432249067349 0.0854432249067349 0.122493355040124 0.114335843002448 0.114335843002448 0.0464890189054259 0.0464890189054259 0.114335843002448 0.114335843002448 0.122493355040124 0.114335843002448 0.114335843002448 0.114335843002448 0.114335843002448 0.0757206574341611 0.0757206574341611 0.541792747636791 0.49709957687047 0.49709957687047 0.49709957687047 0.49709957687047 0.0757206574341611 0.113666837337705 0.076218021402187 0.497099576870471 0.49709957687047 0.076218021402187 0.076218021402187 0.0757206574341611 0.0757206574341611 0.0757206574341611 0.0757206574341611 0.114335843002448 0.0464890189054259 0.0464890189054259 -9999
0.113666837337705 0.113666837337705 0.113666837337705 0.113666837337705 0.113666837337705 0.113666837337705 0.113666837337705 0.511945535538992 -0.0294384205035865 0.0866128169686317 0.379805493462558 0.40295651382659 0.40295651382659 0.379805493462558 0.0866128169686317 0.0866128169686317 0.0854432249067348 0.122493355040124 0.0854432249067348 0.0854432249067348 0.0854432249067348 0.40295651382659 0.0854432249067347 0.0854432249067347 0.0854432249067347 -0.373778994744383 -0.373778994744382 0.0464890189054258 0.0464890189054258 0.0464890189054258 0.114335843002448 0.114335843002448 0.114335843002448 0.114335843002448 0.114335843002448 0.122493355040124 0.0854432249067347 0.075720657434161 0.075720657434161 0.075720657434161 0.54179274763679 0.54179274763679 0.54179274763679 0.497099576870472 0.497099576870472 -9999 -9999 -9999 -9999 -9999 -9999 -9999 -9999 -9999 -9999 -9999 -9999 -9999 0.0757206574341609 0.114335843002448 -9999 -9999
0.113666837337705 0.113666837337705 0.511945535538993 0.113666837337705 0.113666837337705 0.113666837337705 0.511945535538993 0.511945535538993 0.113666837337705 0.113666837337705 0.122493355040124 0.122493355040124 0.122189710679594 0.113666837337705 0.113666837337705 0.113666837337705 0.113666837337705 0.0464890189054257 0.0854432249067347 0.0866128169686316 0.0854432249067347 0.0854432249067347 0.0757206574341607 -0.373778994744382 0.0464890189054257 0.0464890189054258 0.0464890189054258 0.0464890189054258 0.0464890189054258 0.113666837337705 0.113666837337705 0.114335843002447 0.114335843002447 0.0762180214021869 0.114335843002447 0.122493355040124 0.114335843002447 0.114335843002447 0.114335843002447 0.114335843002447 0.114335843002447 0.114335843002447 0.0757206574341607 0.0762180214021869 0.497099576870471 0.497099576870471 -9999 -9999 -9999 -9999 -9999 -9999 -9999 -9999 -9999 -9999 -9999 -9999 -9999 -9999 -9999 -9999
-0.0294384205035865 -0.0294384205035865 0.135169555159888 0.135169555159888 0.135169555159888 0.414821321111869 0.135169555159888 0.511945535538993 0.511945535538993 0.511945535538993 0.511945535538993 0.113666837337704 0.135169555159888 0.135169555159888 0.114335843002447 0.136601462664403 0.136601462664403 0.0464890189054256 0.0464890189054256 0.0464890189054256 0.0464890189054256 0.0464890189054256 0.0464890189054256 0.0464890189054256 0.0464890189054256 0.0464890189054256 0.0464890189054256 0.0464890189054256 0.122189710679594 0.113666837337704 0.113666837337704 0.122189710679594 0.122189710679594 0.122189710679594 0.122189710679594 0.122189710679594 0.122189710679594 0.122189710679594 0.122189710679594 0.122189710679594 0.122189710679594 0.113666837337704 0.113666837337704 0.113666837337704 0.113666837337704 0.113666837337704 0.113666837337704 0.114335843002448 0.0757206574341605 0.54179274763679 0.497099576870472 0.54179274763679 -9999 -9999 -9999 -9999 -9999 -9999 -9999 -9999 -9999 -9999
0.102156104410058 0.102156104410058 0.102156104410058 0.102156104410058 0.102156104410058 0.102156104410058 -9999 -9999 -9999 -9999 -9999 -9999 -9999 -9999 0.227248621702881 -9999 0.102156104410058 0.114335843002447 0.0464890189054255 0.114335843002447 0.122493355040124 0.0854432249067344 0.0854432249067344 0.0854432249067344 0.0854432249067344 0.0866128169686312 0.0866128169686312 0.0866128169686312 0.0866128169686312 0.0866128169686312 -0.0294384205035864 -0.0294384205035864 0.0866128169686312 0.0866128169686312 0.475345589805346 0.412197164684175 0.497099576870471 0.497099576870471 0.379805493462559 0.0866128169686312 0.0757206574341602 -0.0294384205035864 0.0464890189054255 0.0464890189054255 0.0464890189054256 0.0464890189054256 0.0464890189054255 0.114335843002447 0.114335843002447 0.113666837337704 0.113666837337704 0.541792747636789 0.541792747636789 -9999 -9999 -9999 -9999 -9999 -9999 -9999 0.102601656562766 0.102601656562766
0.102156104410058 0.102156104410058 0.102156104410058 0.395050188453137 0.395050188453137 -9999 -9999 -9999 -9999 -9999 -9999 -9999 -9999 -9999 -9999 0.102156104410058 0.136601462664403 0.114335843002447 0.0854432249067343 0.0854432249067343 0.0854432249067343 0.0854432249067343 0.0854432249067343 0.0854432249067343 0.0854432249067343 0.0854432249067343 -0.373778994744382 -0.373778994744382 -0.373778994744382 -0.373778994744382 -0.373778994744382 0.0854432249067343 0.0866128169686311 0.0866128169686311 0.379805493462559 0.49709957687047 0.37980549346256 0.0762180214021865 0.113666837337703 0.113666837337703 0.113666837337703 0.113666837337703 0.0464890189054254 0.0464890189054254 0.0464890189054254 0.0464890189054254 0.0464890189054254 0.0464890189054254 0.0464890189054254 0.113666837337703 0.0762180214021865 0.49709957687047 -9999 -9999 -9999 -9999 -9999 0.102601656562766 0.102601656562766 0.102601656562766 -0.0104184041552705 -0.424697328829884
0.395050188453138 0.395050188453138 0.102156104410058 0.395050188453138 -9999 -9999 -9999 -9999 -9999 -9999 -9999 -9999 -9999 -9999 -9999 0.122189710679594 0.491744567919334 0.113666837337703 -0.373778994744383 0.0866128169686309 0.0866128169686309 0.0866128169686309 0.0866128169686309 -0.0102246029342191 -0.373778994744383 -0.373778994744383 -0.373778994744383 -0.0102246029342191 0.0854432249067339 0.0854432249067339 0.0854432249067339 0.40295651382659 0.0866128169686308 0.0866128169686308 0.122189710679594 0.122189710679594 0.122189710679594 0.113666837337703 0.113666837337703 0.113666837337703 0.113666837337703 0.113666837337703 0.114335843002447 0.114335843002447 0.114335843002447 0.114335843002447 0.114335843002447 0.114335843002447 0.0757206574341598 0.0762180214021863 0.49709957687047 -9999 -9999 -9999 -9999 -9999 0.102601656562766 0.0757206574341598 -0.373778994744383 -0.424697328829885 -0.483253517688299 -0.483253517688299
0.102156104410058 0.102156104410058 0.102156104410058 0.102156104410058 0.102156104410058 0.102156104410058 -9999 -9999 -9999 -9999 -9999 -9999 -9999 -9999 -9999 -9999 -9999 0.122189710679594 0.086612816968631 0.475345589805347 -9999 0.0866128169686311 0.086612816968631 0.086612816968631 0.086612816968631 0.086612816968631 0.086612816968631 0.086612816968631 0.086612816968631 0.122189710679594 0.122493355040124 0.122493355040124 0.122493355040124 0.0464890189054251 0.114335843002447 0.114335843002447 0.114335843002447 0.0757206574341595 0.113666837337703 0.113666837337703 0.0762180214021863 0.0762180214021863 0.113666837337703 0.114335843002447 0.113666837337703 0.114335843002447 0.0762180214021863 0.0762180214021863 0.0762180214021863 0.395050188453138 -9999 -9999 -9999 -9999 0.102601656562766 0.102601656562766 -0.373778994744383 -0.373778994744383 -0.0104184041552705 -0.0104184041552705 -0.0104184041552705 -0.424697328829885
0.102156104410058 -0.0294384205035867 -0.0294384205035867 -0.0294384205035867 -0.0294384205035867 0.113666837337702 -9999 -9999 -9999 -9999 -9999 -9999 -9999 -9999 0.122189710679593 0.0866128169686309 -9999 -0.0294384205035867 -0.0294384205035867 0.113666837337702 0.113666837337702 0.114335843002447 0.0757206574341593 0.0762180214021862 0.0866128169686309 0.122189710679593 0.122189710679593 0.114335843002447 0.114335843002447 0.122493355040124 0.122493355040124 0.122493355040124 0.0854432249067334 0.0854432249067334 0.238051048932085 0.238051048932085 0.230513555135034 0.230513555135034 0.497099576870471 0.412197164684171 0.412197164684171 0.412197164684171 0.102156104410058 0.497099576870471 0.497099576870471 0.497099576870471 0.497099576870471 -9999 0.102156104410058 0.102156104410058 0.102156104410058 0.019607640019572 0.102156104410058 0.102601656562765 -0.0104184041552707 -0.424697328829885 -0.424697328829885 -0.373778994744382 0.0757206574341594 -9999 0.102601656562765 0.102601656562765
-0.0871926764491492 0.136601462664404 0.114335843002447 0.114335843002447 0.113666837337702 0.113666837337702 0.102156104410058 0.102156104410058 -9999 -9999 -9999 -9999 0.0866128169686307 0.122189710679593 0.0866128169686306 -0.0294384205035865 0.113666837337702 0.113666837337702 0.113666837337702 0.113666837337702 -0.373778994744382 -0.373778994744382 0.0464890189054247 0.0464890189054248 0.122189710679593 0.122189710679593 0.122189710679593 0.0854432249067333 0.0854432249067333 0.513213310223734 -9999 -9999 -9999 -9999 -9999 -9999 0.111709319503463 0.11161950893387 0.102156104410058 -0.0294384205035865 -0.112188259166965 -0.112188259166965 -0.00738721926643497 -0.112188259166965 -0.112188259166965 -0.00738721926643497 -0.00738721926643497 -0.112188259166965 -0.112188259166965 -0.424697328829885 -0.424697328829885 -0.424697328829885 -0.424697328829885 -0.424697328829885 -0.4832535176883 -0.424697328829885 -0.424697328829885 -0.424697328829885 0.0757206574341592 0.102156104410058 -9999 -9999
0.102601656562765 0.102601656562765 0.102156104410059 0.102156104410059 0.102156104410059 0.102156104410059 0.102156104410059 -9999 -9999 -9999 0.227248621702881 0.102156104410059 0.113666837337701 0.113666837337701 0.113666837337701 0.114335843002447 0.113666837337701 0.113666837337701 0.113666837337701 -0.0294384205035866 -0.373778994744382 0.0464890189054235 0.122189710679593 0.122189710679593 0.475345589805344 -9999 -9999 0.122189710679593 -9999 -9999 -9999 -9999 -9999 -9999 0.11161950893387 -0.0102246029342189 -0.093187599685447 -0.424697328829885 -0.424697328829885 -0.424697328829885 -0.424697328829885 -0.4832535176883 -0.424697328829885 -0.4832535176883 -0.4832535176883 -0.4832535176883 -0.4832535176883 -0.4832535176883 -0.4832535176883 -0.424697328829885 -0.424697328829885 0.0170703542599742 -0.00738721926643501 -0.112188259166965 0.00487100812291869 -0.0294384205035866 0.102156104410059 0.102601656562765 0.076218021402186 0.11161950893387 -9999 -9999
0.102601656562765 0.102601656562765 0.102156104410059 0.102601656562765 0.102156104410059 0.395050188453142 0.102156104410059 0.102156104410059 0.135169555159886 0.135169555159886 0.136601462664403 0.113666837337701 0.113666837337701 0.113666837337701 0.113666837337701 0.114335843002447 0.113666837337701 0.0464890189054233 0.0464890189054233 0.0464890189054233 0.0464890189054233 0.0464890189054233 0.114335843002447 0.122493355040125 0.122493355040125 -9999 -9999 -9999 -9999 -9999 -9999 -9999 0.386666482474733 0.111619508933869 -0.093187599685447 -0.424697328829884 -0.424697328829884 -0.483253517688299 -0.483253517688299 -0.483253517688299 -0.483253517688299 -0.483253517688299 -0.483253517688299 -0.483253517688299 -0.483253517688299 -0.483253517688299 -0.483253517688299 -0.483253517688299 -0.0888941524551467 0.00487100812291871 0.0196076400195718 0.0196076400195718 0.0866128169686301 0.0866128169686301 -0.373778994744382 -0.373778994744382 0.0762180214021859 -9999 -9999 -9999 -9999 -9999
-0.0871926764491492 0.102601656562765 0.419806617429801 0.227248621702881 0.227248621702881 0.102156104410059 0.136601462664403 0.135169555159885 0.113666837337701 0.113666837337701 0.102601656562765 0.136601462664403 0.102601656562765 0.235690195402086 0.102156104410059 0.0762180214021858 0.113666837337701 0.114335843002447 0.114335843002447 0.136601462664403 0.142982295498701 0.122189710679593 0.08661281696863 0.475345589805344 -9999 -9999 -9999 -9999 -9999 -9999 -9999 -9999 0.08661281696863 0.00487100812291868 -0.0888941524551463 -0.0888941524551463 -0.0888941524551463 -0.0888941524551463 -0.0888941524551462 -0.0888941524551462 -0.0888941524551462 -0.0888941524551462 -0.483253517688298 -0.0888941524551462 -0.0888941524551462 -0.0888941524551462 -0.0888941524551462 0.00487100812291866 0.00487100812291866 0.08661281696863 -0.0294384205035867 0.0757206574341588 0.0757206574341588 0.102601656562765 0.102601656562765 0.102601656562765 0.102156104410059 -9999 -9999 -9999 -9999 -9999
0.419806617429801 0.538330382620925 0.235690195402085 0.235690195402085 0.235690195402085 0.136601462664403 0.135169555159885 0.135169555159885 0.102156104410059 0.227248621702881 0.227248621702881 0.227248621702881 0.227248621702881 0.227248621702881 0.227248621702881 0.227248621702881 0.227248621702881 0.227248621702881 0.235690195402085 0.227248621702881 0.395050188453143 -9999 -9999 -9999 -9999 -9999 -9999 -9999 -9999 -9999 -9999 -9999 -9999 0.111619508933869 0.230513555135033 0.475345589805344 0.475345589805344 0.475345589805344 0.435703107388215 0.435703107388215 0.435703107388215 0.435703107388215 0.016284197149456 0.435703107388215 0.025370428757878 0.0854432249067323 0.475345589805344 0.0866128169686299 0.102156104410059 0.102156104410059 0.102601656562765 0.102601656562765 -9999 -9999 -9999 -9999 0.111619508933869 0.102156104410059 0.102601656562765 0.0282412314773993 0.00090071465031233 0.00090071465031233
0.419806617429801 0.538330382620925 0.235690195402086 0.235690195402086 0.235690195402086 0.395050188453144 0.102156104410059 0.102156104410059 0.395050188453144 0.419806617429801 0.395050188453144 0.395050188453144 0.395050188453144 0.395050188453144 0.395050188453144 0.102156104410059 0.102156104410059 0.102601656562765 0.102601656562765 0.102156104410059 0.102156104410059 -9999 -9999 -9999 -9999 -9999 -9999 -9999 -9999 -9999 -9999 -9999 -9999 -9999 -9999 -9999 -9999 0.475345589805344 0.475345589805344 0.475345589805344 0.475345589805344 0.475345589805344 0.386666482474733 0.386666482474733 0.386666482474733 0.102601656562765 0.102601656562765 -9999 -9999 -9999 -9999 -9999 -9999 -9999 -9999 -9999 -0.0294384205035869 -0.424697328829884 -0.424697328829884 -0.424697328829884 -0.074161189941668 -0.074161189941668
0.102601656562764 0.419806617429801 0.102601656562764 0.102601656562764 0.102601656562764 0.102156104410059 0.102156104410059 0.102156104410059 0.102156104410059 0.102156104410059 0.102156104410059 0.102156104410059 0.102156104410059 0.102156104410059 0.0196076400195712 0.0170703542599735 -0.424697328829884 -0.424697328829884 0.0762180214021855 -9999 -9999 -9999 -9999 -9999 -9999 -9999 -9999 -9999 -9999 -9999 -9999 -9999 -9999 -9999 -9999 -9999 -9999 -9999 -9999 -9999 -9999 -9999 -9999 -9999 -9999 -9999 -9999 -9999 -9999 -9999 -9999 -9999 -9999 -9999 -9999 -9999 0.497099576870473 -0.00738721926643491 -0.0104184041552709 0.0757206574341584 0.0170703542599735 0.0170703542599735
0.102601656562764 0.102601656562764 0.0170703542599734 0.0170703542599734 -0.010418404155271 -0.424697328829883 -0.424697328829883 -0.424697328829883 -0.112188259166966 -0.112188259166966 -0.0294384205035872 0.102156104410059 0.102156104410059 -0.424697328829883 -0.424697328829883 0.0170703542599734 0.102601656562764 0.0170703542599734 -0.010418404155271 0.102156104410059 0.0196076400195711 0.102156104410059 0.102601656562764 0.102601656562764 0.102156104410059 -9999 -9999 -9999 -9999 -9999 -9999 -9999 -9999 -9999 -9999 -9999 -9999 -9999 -9999 -9999 -9999 -9999 -9999 -9999 -9999 -9999 -9999 -9999 -9999 -9999 -9999 -9999 -9999 -9999 -9999 -9999 -9999 -9999 -9999 -9999 -9999 -9999
0.0757206574341578 -0.0104184041552711 -0.424697328829882 -0.483253517688297 -0.483253517688297 -0.483253517688297 -0.483253517688297 -0.424697328829882 -0.424697328829883 -0.424697328829882 -0.424697328829882 -0.424697328829882 -0.424697328829882 -0.424697328829882 -0.424697328829882 0.102601656562764 0.0170703542599731 -0.0104184041552712 -0.424697328829882 -0.424697328829882 -0.424697328829882 -0.424697328829882 -0.424697328829882 -0.112188259166966 0.102156104410058 -9999 -9999 -9999 -9999 -9999 -9999 -9999 -9999 -9999 -9999 -9999 -9999 -9999 -9999 -9999 -9999 -9999 -9999 -9999 -9999 -9999 -9999 -9999 -9999 -9999 -9999 -9999 -9999 -9999 -9999 -9999 -9999 -9999 -9999 -9999 -9999 -9999
-0.373778994744382 -0.0104184041552713 0.0170703542599728 0.0170703542599728 0.0170703542599728 0.0170703542599728 0.0170703542599728 -0.00738721926643556 -0.112188259166966 -0.424697328829883 -0.424697328829883 -0.483253517688299 -0.483253517688299 -0.424697328829883 -0.424697328829883 -0.424697328829882 -0.0104184041552713 -0.0104184041552713 0.0170703542599727 0.0170703542599727 0.0170703542599727 0.0170703542599727 -0.0104184041552713 0.102156104410058 0.102156104410058 -9999 -9999 -9999 -9999 -9999 -9999 -9999 -9999 -9999 -9999 -9999 -9999 -9999 -9999 -9999 -9999 -9999 -9999 -9999 -9999 -9999 -9999 -9999 -9999 -9999 -9999 -9999 -9999 -9999 -9999 -9999 -9999 -9999 -9999 -9999 -9999 -9999
0.102601656562763 0.102601656562763 0.102156104410058 -9999 -9999 -9999 0.102156104410058 0.102601656562763 0.102156104410058 0.0170703542599725 -0.424697328829882 -0.424697328829882 -0.483253517688299 -0.483253517688299 -0.483253517688299 -0.483253517688299 -0.483253517688299 -0.424697328829882 -0.424697328829882 0.0170703542599725 0.102601656562763 0.419806617429801 0.102601656562763 0.102601656562763 0.235690195402085 0.102601656562763 -9999 -9999 -9999 -9999 -9999 -9999 -9999 -9999 -9999 -9999 -9999 -9999 -9999 -9999 -9999 -9999 -9999 -9999 -9999 -9999 -9999 -9999 -9999 -9999 -9999 -9999 -9999 -9999 -9999 -9999 -9999 -9999 -9999 -9999 -9999 -9999
0.102601656562763 0.102601656562763 0.102601656562763 0.102156104410057 0.102156104410057 0.227248621702882 0.227248621702882 -9999 -9999 0.102156104410057 0.102601656562763 0.0170703542599723 -0.424697328829882 -0.424697328829882 -0.4832535176883 -0.483253517688299 -0.424697328829881 -0.424697328829881 -0.0104184041552715 0.102601656562763 0.102601656562763 0.419806617429802 0.235690195402085 0.102601656562763 0.114335843002447 0.114335843002447 0.136601462664403 0.136601462664403 0.114335843002447 0.541792747636796 -9999 -9999 -9999 -9999 -9999 -9999 -9999 -9999 -9999 -9999 -9999 -9999 -9999 -9999 -9999 -9999 -9999 -9999 -9999 -9999 -9999 -9999 -9999 -9999 -9999 -9999 -9999 -9999 -9999 -9999 -9999 -9999
0.102601656562762 0.102156104410057 0.102156104410057 0.102156104410057 0.227248621702882 0.235690195402085 0.235690195402085 0.235690195402085 -9999 -9999 -9999 0.102156104410057 0.102601656562762 -0.424697328829881 -0.424697328829881 -0.424697328829881 -0.424697328829881 -0.424697328829881 -0.424697328829881 0.102601656562762 0.102601656562762 0.102601656562762 0.235690195402085 0.102601656562762 0.114335843002447 0.0464890189054218 0.114335843002447 0.114335843002447 0.0757206574341566 0.114335843002447 0.114335843002447 0.114335843002447 0.552567790863037 -9999 -9999 -9999 -9999 -9999 -9999 -9999 -9999 -9999 -9999 -9999 -9999 -9999 -9999 -9999 -9999 -9999 -9999 -9999 -9999 -9999 -9999 -9999 -9999 -9999 -9999 -9999 -9999 -9999
0.102601656562762 0.102156104410057 0.102156104410057 0.102156104410057 0.102156104410057 0.395050188453146 0.227248621702881 0.227248621702881 -9999 -9999 -9999 -9999 0.102156104410057 -0.424697328829882 -0.424697328829882 -0.4832535176883 -0.4832535176883 -0.424697328829882 0.0170703542599719 0.102601656562762 0.102601656562762 0.419806617429808 0.235690195402085 0.102601656562762 0.114335843002446 0.0464890189054217 0.114335843002446 0.114335843002446 0.114335843002446 0.0464890189054217 0.0464890189054217 0.0464890189054217 0.114335843002446 0.136601462664403 0.136601462664403 0.102601656562762 -9999 -9999 -9999 -9999 -9999 -9999 -9999 -9999 -9999 -9999 -9999 -9999 -9999 -9999 -9999 -9999 -9999 -9999 -9999 -9999 -9999 -9999 -9999 -9999 -9999 -9999
0.0170703542599717 0.0196076400195698 0.0196076400195698 0.0196076400195698 0.0196076400195698 0.0196076400195698 0.102156104410057 0.102156104410057 0.102156104410057 0.395050188453144 -9999 -9999 0.102156104410057 -0.424697328829882 -0.424697328829882 -0.424697328829882 -0.424697328829882 -0.424697328829882 -0.424697328829882 0.102601656562762 0.102601656562762 0.419806617429809 0.538330382620921 0.102601656562762 0.114335843002446 0.136601462664403 0.136601462664403 0.102601656562762 0.0757206574341562 0.114335843002446 0.136601462664403 0.114335843002446 0.114335843002446 0.114335843002446 0.114335843002446 0.135169555159881 -9999 -9999 -9999 -9999 -9999 -9999 -9999 -9999 -9999 -9999 -9999 -9999 -9999 -9999 -9999 -9999 -9999 -9999 -9999 -9999 -9999 -9999 -9999 -9999 -9999 -9999
-0.0741611899416696 -0.0741611899416696 -0.0741611899416696 -0.483253517688301 -0.0741611899416696 -0.0741611899416696 -0.0741611899416696 0.0170703542599715 0.0196076400195697 0.0170703542599715 0.102156104410056 -9999 0.102156104410056 0.102601656562762 0.0170703542599715 0.102601656562762 0.102601656562762 0.102601656562762 0.102156104410056 0.102601656562762 0.102601656562762 0.41980661742981 0.541792747636796 0.235690195402085 0.235690195402085 0.235690195402085 0.26606504453024 0.26606504453024 0.235690195402085 0.235690195402085 0.235690195402085 0.235690195402085 0.235690195402085 0.114335843002446 0.114335843002446 0.114335843002446 0.0762180214021847 -0.373778994744374 -9999 -9999 -9999 -9999 -9999 -9999 -9999 -9999 -9999 -9999 -9999 -9999 -9999 -9999 -9999 -9999 -9999 -9999 -9999 -9999 -9999 -9999 -9999 -9999
0.0463597493541204 0.0289999396473644 0.0289999396473644 -0.0421873587120427 0.0369957968189736 -0.0321972914175222 -0.0421873587120427 -0.0741611899416697 -0.0741611899416697 -0.0741611899416697 0.0196076400195696 0.0196076400195696 0.102156104410056 0.102601656562761 0.41980661742981 0.41980661742981 0.102601656562761 0.102601656562761 0.102156104410056 0.41980661742981 0.41980661742981 0.41980661742981 0.541792747636795 0.541792747636796 0.541792747636796 0.541792747636796 0.541792747636796 0.541792747636796 0.541792747636796 0.541792747636796 0.541792747636796 0.541792747636796 0.235690195402085 0.235690195402085 0.0757206574341558 0.541792747636796 0.49709957687048 0.0762180214021846 0.0762180214021846 0.0762180214021846 -0.424697328829881 -0.424697328829881 -0.0104184041552719 0.102601656562761 0.102601656562761 0.102601656562761 0.102156104410056 0.102156104410056 0.102156104410056 0.0762180214021846 0.085443224906731 0.111709319503464 0.111709319503464 0.111709319503464 0.111709319503464 0.102601656562761 -9999 -9999 -9999 -9999 -9999 -9999
