Data/Geology/CFRgeocombined.asc
NCOLS 472 
NROWS 226 
XLLCORNER 17.841667175293 
YLLCORNER -34.825000762939 
CELLSIZE 0.01666666667 
NODATA_value -9999 
[rows 135 to 161 of 226, columns 0 to 61 of 472]
-9999 -9999 -9999 -9999 -9999 -9999 -9999 -9999 -9999 -9999 -9999 -9999 -9999 -9999 -9999 -9999 -9999 -9999 -9999 0.0638127577389096 -0.167929710510181 -0.373778994744382 -0.373778994744382 -0.373778994744382 -0.0871926764491477 0.256276198132803 0.256276198132803 0.256276198132803 0.256276198132803 0.294642645447733 0.294642645447733 0.294642645447733 0.39475024967043 0.39475024967043 0.411563679645955 0.508907342363529 0.508907342363529 -0.0294384205035862 0.135169555159886 0.135169555159886 0.135169555159886 0.258625234262872 0.326620533736463 0.194191590276675 0.194191590276675 0.514992781822658 0.514992781822658 0.514992781822658 0.514992781822658 0.514992781822658 0.39475024967043 0.39475024967043 0.39475024967043 0.39475024967043 0.39475024967043 0.514992781822658 0.514992781822658 0.514992781822658 0.514992781822658 0.514992781822658 0.251474874459629 0.251474874459629
-9999 -9999 -9999 -9999 -9999 -9999 -9999 -9999 -9999 -9999 -9999 -9999 -9999 -9999 -9999 -9999 -9999 -9999 -9999 0.148586482609772 -0.167929710510181 -0.373778994744382 0.135169555159887 -0.119567882304426 -0.0871926764491479 -0.0871926764491479 0.256276198132805 0.256276198132805 0.256276198132805 0.256276198132805 0.256276198132805 0.256276198132805 0.294642645447734 0.294642645447734 0.394750249670431 0.394750249670431 0.411563679645955 0.508907342363527 0.113666837337705 -0.0294384205035863 -0.0294384205035863 0.142982295498703 0.267016255137495 0.215253720529726 0.514992781822657 0.514992781822657 0.514992781822657 0.514992781822657 0.514992781822657 0.394750249670431 0.394750249670431 0.256276198132805 0.394750249670431 0.514992781822657 0.514992781822657 0.514992781822657 0.514992781822657 0.514992781822657 0.0749129488380024 -0.0126061633707155 0.0464890189054259 0.552567790863045
-9999 -9999 -9999 -9999 -9999 -9999 -9999 -9999 -9999 -9999 -9999 -9999 -9999 -9999 -9999 -9999 -9999 -9999 -9999 0.148586482609772 -0.343522858543155 -0.343522858543155 0.135169555159887 -0.373778994744382 -0.0871926764491485 -0.0871926764491485 0.394750249670432 0.256276198132806 0.256276198132806 0.256276198132806 0.256276198132806 0.256276198132806 0.294642645447735 0.411563679645956 0.294642645447735 0.394750249670432 0.411563679645956 0.510405850201164 0.508907342363526 0.135169555159887 -0.373778994744382 -0.0331629112644953 0.411563679645956 0.510405850201164 0.215253720529725 0.194191590276674 0.514992781822654 0.514992781822654 0.394750249670432 0.394750249670432 0.394750249670432 0.256276198132806 0.394750249670432 0.514992781822654 0.514992781822654 0.514992781822654 0.514992781822654 0.514992781822655 -0.03219729141752 -0.0126061633707154 -0.0126061633707154 0.136601462664404
-9999 -9999 -9999 -9999 -9999 -9999 -9999 -9999 -9999 -9999 -9999 -9999 -9999 -9999 -9999 -9999 -9999 -9999 -9999 -9999 -0.175097569381334 -0.343522858543157 -0.343522858543157 -0.373778994744382 -0.373778994744382 -0.0871926764491487 0.0749129488380024 0.394750249670433 0.256276198132807 0.256276198132807 0.256276198132807 0.256276198132807 0.294642645447736 0.294642645447736 0.294642645447736 0.294642645447736 0.294642645447736 -0.0331629112644952 -0.0331629112644952 0.135169555159888 -0.0294384205035864 0.135169555159888 0.508907342363524 0.135169555159888 0.0874760547879336 0.194191590276673 0.514992781822653 0.514992781822653 0.514992781822652 0.394750249670433 0.394750249670433 0.394750249670433 0.394750249670433 0.514992781822653 0.514992781822653 0.514992781822652 0.514992781822653 0.514992781822653 0.514992781822653 -0.0321972914175198 -0.0321972914175198 0.0606727594636219
-9999 -9999 -9999 -9999 -9999 -9999 -9999 -9999 -9999 -9999 -9999 -9999 -9999 -9999 -9999 -9999 -9999 -9999 -9999 -9999 -9999 -9999 -0.175097569381335 -0.343522858543157 -0.373778994744382 -0.373778994744382 -0.0871926764491489 0.0749129488380026 0.256276198132806 0.256276198132806 0.256276198132806 0.256276198132806 0.294642645447736 0.294642645447736 0.256276198132806 0.256276198132806 0.294642645447736 -0.0331629112644951 -0.0331629112644951 0.135169555159888 0.135169555159888 -0.0294384205035864 -0.0294384205035864 0.142982295498703 0.0874760547879334 0.51040585020117 0.514992781822652 0.514992781822652 0.394750249670433 0.394750249670433 0.514992781822652 0.394750249670433 0.394750249670433 0.394750249670433 0.514992781822652 0.514992781822652 0.514992781822652 0.514992781822652 0.514992781822652 0.514992781822652 -0.0321972914175196 -0.0126061633707152
-9999 -9999 -9999 -9999 -9999 -9999 -9999 -9999 -9999 -9999 -9999 -9999 -9999 -9999 -9999 -9999 -9999 -9999 -9999 -9999 -9999 -9999 -9999 -0.343522858543158 -0.373778994744383 -0.373778994744383 -0.373778994744383 -0.087192676449149 -0.087192676449149 -0.087192676449149 0.256276198132806 0.256276198132806 0.256276198132806 0.256276198132806 0.256276198132806 0.256276198132806 0.256276198132806 -0.0331629112644952 0.294642645447737 0.294642645447737 0.135169555159888 -0.0294384205035864 -0.373778994744383 -0.0331629112644952 0.294642645447737 0.394750249670434 0.514992781822652 0.514992781822652 0.394750249670434 0.394750249670434 0.394750249670434 0.394750249670434 0.256276198132806 0.394750249670434 0.514992781822652 0.514992781822652 0.514992781822651 0.514992781822651 0.514992781822651 0.514992781822651 0.514992781822651 0.394750249670434
-9999 -9999 -9999 -9999 -9999 -9999 -9999 -9999 -9999 -9999 -9999 -9999 -9999 -9999 -9999 -9999 -9999 -9999 -9999 -9999 -9999 -9999 -9999 -9999 -9999 -0.343522858543159 -0.0871926764491491 -0.0871926764491491 -0.0871926764491491 -0.0871926764491491 0.256276198132805 0.256276198132805 0.256276198132805 0.256276198132805 0.256276198132805 0.256276198132805 0.256276198132805 0.256276198132805 0.256276198132805 0.294642645447738 -0.0331629112644953 -0.373778994744383 -0.373778994744383 -0.087192676449149 -0.087192676449149 0.0749129488380025 0.394750249670434 0.514992781822651 0.514992781822651 0.394750249670434 0.394750249670434 0.394750249670434 0.256276198132805 0.394750249670434 0.514992781822651 0.514992781822651 0.514992781822651 0.514992781822651 0.514992781822651 0.514992781822651 0.514992781822651 0.514992781822651
-9999 -9999 -9999 -9999 -9999 -9999 -9999 -9999 -9999 -9999 -9999 -9999 -9999 -9999 -9999 -9999 -9999 -9999 -9999 -9999 -9999 -9999 -9999 -9999 -9999 -9999 -0.343522858543161 -0.0871926764491492 -0.373778994744383 -0.0871926764491492 -0.0871926764491492 0.256276198132804 0.256276198132804 0.256276198132805 0.256276198132805 0.256276198132804 0.256276198132804 0.256276198132805 0.294642645447738 -0.0331629112644953 -0.0331629112644953 -0.373778994744383 -0.373778994744383 -0.373778994744383 -0.373778994744383 -0.0871926764491492 0.0749129488380022 0.2670162551375 0.309938081554016 0.394750249670434 0.394750249670434 0.394750249670434 0.256276198132804 0.256276198132804 0.394750249670434 0.51499278182265 0.51499278182265 0.51499278182265 0.51499278182265 0.51499278182265 0.51499278182265 0.51499278182265
-9999 -9999 -9999 -9999 -9999 -9999 -9999 -9999 -9999 -9999 -9999 -9999 -9999 -9999 -9999 -9999 -9999 -9999 -9999 -9999 -9999 -9999 -9999 -9999 -9999 -9999 -9999 -0.343522858543163 -0.343522858543163 -0.0294384205035865 -0.0871926764491493 -0.0871926764491493 -0.0871926764491493 -0.0871926764491492 0.256276198132802 0.256276198132802 0.256276198132802 0.256276198132803 0.294642645447739 -0.0331629112644954 -0.0331629112644954 -0.0331629112644954 -0.373778994744383 -0.373778994744383 -0.373778994744383 0.06830105941591 0.06830105941591 0.510405850201173 0.514992781822649 0.394750249670435 0.394750249670435 0.394750249670435 0.256276198132802 0.256276198132802 0.394750249670435 0.394750249670435 0.514992781822649 0.514992781822649 0.514992781822649 0.514992781822649 0.514992781822649 0.394750249670435
-9999 -9999 -9999 -9999 -9999 -9999 -9999 -9999 -9999 -9999 -9999 -9999 -9999 -9999 -9999 -9999 -9999 -9999 -9999 -9999 -9999 -9999 -9999 -9999 -9999 -9999 -9999 -9999 -0.343522858543163 -0.0294384205035867 0.046489018905425 0.113666837337702 0.0749129488380022 0.135169555159887 -0.0871926764491493 0.256276198132803 0.256276198132803 0.256276198132803 0.256276198132803 0.256276198132803 -0.0331629112644955 -0.0331629112644955 -0.373778994744382 -0.373778994744382 -0.373778994744382 0.0683010594159097 0.0683010594159097 0.2670162551375 0.394750249670436 0.394750249670436 0.394750249670436 0.215253720529727 0.215253720529727 0.0675117572698189 0.256276198132803 0.394750249670436 0.514992781822648 0.194191590276672 0.514992781822648 0.514992781822648 0.514992781822648 0.514992781822648
-9999 -9999 -9999 -9999 -9999 -9999 -9999 -9999 -9999 -9999 -9999 -9999 -9999 -9999 -9999 -9999 -9999 -9999 -9999 -9999 -9999 -9999 -9999 -9999 -9999 -9999 -9999 -9999 -0.0203469844687183 0.113666837337702 0.113666837337702 0.113666837337702 0.0464890189054248 0.135169555159886 0.0749129488380021 0.256276198132802 0.256276198132802 0.256276198132802 0.256276198132802 0.256276198132802 -0.0871926764491492 -0.0331629112644955 -0.0331629112644955 -0.0331629112644955 -0.0331629112644955 -0.0331629112644955 -0.0331629112644955 -0.0331629112644955 -0.0331629112644955 0.144223995041967 0.0874760547879324 0.215253720529727 0.0874760547879323 0.0749129488380021 0.256276198132802 0.394750249670437 0.394750249670437 0.194191590276672 0.194191590276672 0.514992781822649 0.514992781822649 0.514992781822649
-9999 -9999 -9999 -9999 -9999 -9999 -9999 -9999 -9999 -9999 -9999 -9999 -9999 -9999 -9999 -9999 -9999 -9999 -9999 -9999 -9999 -9999 -9999 -9999 -9999 -9999 -9999 -9999 -9999 0.0464890189054241 0.0464890189054241 0.0464890189054241 0.046489018905424 0.046489018905424 0.046489018905424 -0.0871926764491493 -0.0871926764491493 -0.0871926764491493 0.0749129488380018 0.394750249670438 0.256276198132802 0.256276198132802 0.0683010594159092 -0.0331629112644956 -0.0331629112644956 -0.0331629112644956 -0.0331629112644956 -0.0331629112644956 -0.0331629112644956 0.0683010594159092 0.116459134649607 0.256276198132802 0.394750249670438 0.0464890189054239 -0.0871926764491493 -0.0871926764491493 0.394750249670438 0.394750249670438 0.060057148565523 0.194191590276673 0.514992781822648 0.060057148565523
-9999 -9999 -9999 -9999 -9999 -9999 -9999 -9999 -9999 -9999 -9999 -9999 -9999 -9999 -9999 -9999 -9999 -9999 -9999 -9999 -9999 -9999 -9999 -9999 -9999 -9999 -9999 -9999 -9999 -0.0203469844687186 -0.0203469844687186 -0.373778994744382 0.0464890189054234 0.0464890189054234 0.0464890189054235 -0.373778994744382 -0.0871926764491493 -0.0871926764491493 0.0464890189054235 0.144223995041967 0.0253704287578779 -0.0871926764491492 0.0683010594159091 -0.0331629112644955 -0.315206282950883 -0.0117355080278024 -0.0117355080278025 -0.0331629112644955 0.0683010594159091 -0.0117355080278025 0.215253720529727 0.394750249670438 0.394750249670438 0.0464890189054234 0.0464890189054234 -0.0871926764491492 0.256276198132801 0.215253720529727 0.0874760547879323 0.194191590276673 0.514992781822648 0.194191590276673
-9999 -9999 -9999 -9999 -9999 -9999 -9999 -9999 -9999 -9999 -9999 -9999 -9999 -9999 -9999 -9999 -9999 -9999 -9999 -9999 -9999 -9999 -9999 -9999 -9999 -9999 -9999 -9999 -9999 -0.343522858543162 -0.343522858543162 -0.373778994744382 -0.373778994744382 -0.373778994744382 -0.373778994744382 -0.343522858543162 -0.343522858543162 -0.343522858543162 -0.343522858543162 0.0464890189054233 0.0253704287578779 0.0253704287578779 -0.0623130438408156 0.0683010594159091 -0.315206282950883 -0.315206282950883 0.0683010594159091 -0.0331629112644956 0.250887938120862 0.2670162551375 0.326620533736455 0.394750249670439 0.394750249670439 0.394750249670439 0.0464890189054232 -0.0871926764491493 -0.0871926764491493 0.2562761981328 0.215253720529727 0.194191590276674 0.194191590276674 0.060057148565523
-9999 -9999 -9999 -9999 -9999 -9999 -9999 -9999 -9999 -9999 -9999 -9999 -9999 -9999 -9999 -9999 -9999 -9999 -9999 -9999 -9999 -9999 -9999 -9999 -9999 -9999 -9999 -9999 0.0464890189054229 -0.343522858543162 -0.0203469844687189 -0.343522858543162 -0.373778994744382 -0.373778994744382 -0.373778994744382 -0.343522858543162 -0.175097569381338 -0.175097569381338 -0.343522858543162 -0.373778994744382 -0.373778994744382 -0.0331629112644957 -0.0331629112644957 -0.0331629112644957 -0.373778994744382 -0.373778994744382 0.0683010594159091 -0.0331629112644957 0.144223995041966 0.215253720529727 0.326620533736454 0.326620533736454 0.394750249670439 0.394750249670439 0.046489018905423 0.0749129488380016 -0.0871926764491493 0.256276198132799 0.0675117572698183 0.0874760547879324 0.0600571485655228 0.0600571485655228
-9999 -9999 -9999 -9999 -9999 -9999 -9999 -9999 -9999 -9999 -9999 -9999 -9999 -9999 -9999 -9999 -9999 -9999 -9999 -9999 -9999 -9999 -9999 -9999 -9999 -9999 -9999 -9999 -9999 -9999 -9999 -0.343522858543162 -0.343522858543162 -0.373778994744382 -0.343522858543162 -0.343522858543162 -0.175097569381338 -0.175097569381338 -0.343522858543163 -0.373778994744382 -0.373778994744382 -0.0331629112644959 -0.0331629112644959 -0.0871926764491494 -0.0871926764491494 -0.373778994744382 0.0464890189054228 0.0600571485655226 0.142982295498701 0.508907342363513 0.510405850201169 0.510405850201169 0.394750249670439 0.394750249670439 0.0464890189054228 0.0749129488380017 -0.0871926764491494 0.256276198132799 0.0675117572698181 0.0675117572698181 0.0874760547879325 0.0600571485655226
-9999 -9999 -9999 -9999 -9999 -9999 -9999 -9999 -9999 -9999 -9999 -9999 -9999 -9999 -9999 -9999 -9999 -9999 -9999 -9999 -9999 -9999 -9999 -9999 -9999 -9999 -9999 -9999 -9999 -9999 -9999 -0.0203469844687192 -0.343522858543163 -0.343522858543163 -0.343522858543163 -0.175097569381337 -0.175097569381337 -0.175097569381337 -0.343522858543163 -0.373778994744382 -0.373778994744382 -0.373778994744382 -0.373778994744382 -0.373778994744382 -0.0871926764491495 -0.136268179595649 0.0464890189054225 0.0600571485655224 0.0600571485655224 0.194191590276676 0.215253720529727 0.215253720529727 0.394750249670439 0.0464890189054226 0.0464890189054226 0.0749129488380016 0.256276198132799 0.256276198132799 0.256276198132799 0.256276198132799 0.215253720529727 0.0600571485655224
-9999 -9999 -9999 -9999 -9999 -9999 -9999 -9999 -9999 -9999 -9999 -9999 -9999 -9999 -9999 -9999 -9999 -9999 -9999 -9999 -9999 -9999 -9999 -9999 -9999 -9999 -9999 -9999 -9999 -9999 -9999 -9999 -0.0203469844687192 -0.343522858543163 -0.175097569381336 -0.175097569381336 -0.175097569381336 -0.343522858543163 -0.373778994744382 -0.373778994744382 -0.373778994744382 -0.373778994744382 -0.373778994744382 0.0464890189054225 -0.373778994744382 -0.136268179595649 0.0464890189054224 0.0600571485655221 0.171623996116373 0.194191590276677 0.0600571485655221 0.0600571485655221 0.0464890189054224 0.0464890189054225 -0.373778994744382 -0.0871926764491495 -0.0871926764491495 0.256276198132798 0.256276198132798 0.256276198132798 0.0874760547879328 0.0600571485655221
-9999 -9999 -9999 -9999 -9999 -9999 -9999 -9999 -9999 -9999 -9999 -9999 -9999 -9999 -9999 -9999 -9999 -9999 -9999 -9999 -9999 -9999 -9999 -9999 -9999 -9999 -9999 -9999 -9999 -9999 -9999 -9999 -9999 -0.343522858543164 -0.175097569381335 -0.175097569381335 -0.175097569381335 -0.343522858543164 -0.373778994744383 -0.373778994744383 0.0464890189054223 0.122493355040125 -0.373778994744383 0.122493355040125 0.0464890189054223 0.144223995041966 0.0749129488380015 0.0600571485655218 0.0464890189054223 0.122493355040125 0.122493355040125 0.122493355040125 0.0464890189054223 -0.160486581607338 -0.160486581607338 -0.0871926764491497 -0.0871926764491497 0.256276198132798 -0.0871926764491497 -0.0623130438408169 0.0253704287578776 0.122493355040125
-9999 -9999 -9999 -9999 -9999 -9999 -9999 -9999 -9999 -9999 -9999 -9999 -9999 -9999 -9999 -9999 -9999 -9999 -9999 -9999 -9999 -9999 -9999 -9999 -9999 -9999 -9999 -9999 -9999 -9999 -9999 -9999 -9999 -9999 -0.175097569381333 -0.175097569381333 -0.343522858543165 -0.343522858543165 0.0464890189054221 0.0464890189054221 0.0464890189054221 0.144223995041966 0.144223995041966 0.122493355040125 0.309938081554018 0.309938081554018 0.394750249670437 0.19500757917013 0.0464890189054221 0.0464890189054221 -0.160486581607339 0.0749129488380015 0.0749129488380015 -0.373778994744381 -0.373778994744381 -0.373778994744381 -0.08719267644915 -0.08719267644915 -0.08719267644915 -0.315206282950882 0.0600571485655213 0.122493355040125
-9999 -9999 -9999 -9999 -9999 -9999 -9999 -9999 -9999 -9999 -9999 -9999 -9999 -9999 -9999 -9999 -9999 -9999 -9999 -9999 -9999 -9999 -9999 -9999 -9999 -9999 -9999 -9999 -9999 -9999 -9999 -9999 -9999 -9999 -9999 -0.175097569381332 -0.343522858543166 -0.37377899474438 0.0464890189054221 0.0464890189054221 0.0464890189054221 0.144223995041966 0.0464890189054221 0.309938081554018 0.251474874459619 0.514992781822645 0.514992781822645 0.19500757917013 0.19500757917013 0.0749129488380015 0.122493355040125 0.0874760547879328 0.144223995041966 0.122493355040125 -0.37377899474438 -0.373778994744381 -0.315206282950882 -0.373778994744381 0.0464890189054221 0.122493355040125 0.060057148565521 0.060057148565521
-9999 -9999 -9999 -9999 -9999 -9999 -9999 -9999 -9999 -9999 -9999 -9999 -9999 -9999 -9999 -9999 -9999 -9999 -9999 -9999 -9999 -9999 -9999 -9999 -9999 -9999 -9999 -9999 -9999 -9999 -9999 -9999 -9999 -9999 -9999 -0.175097569381331 -0.343522858543166 -0.373778994744379 0.0600571485655207 0.0600571485655207 0.0464890189054219 0.122493355040125 0.0600571485655207 0.309938081554018 0.514992781822644 0.514992781822644 0.514992781822644 0.514992781822644 0.215253720529727 -0.08719267644915 0.0464890189054219 0.0600571485655207 -0.0871926764491499 0.144223995041965 -0.160486581607339 -0.160486581607339 -0.315206282950883 -0.373778994744379 0.0600571485655207 0.122493355040125 0.122493355040125 0.122493355040125
-9999 -9999 -9999 -9999 -9999 -9999 -9999 -9999 -9999 -9999 -9999 -9999 -9999 -9999 -9999 -9999 -9999 -9999 -9999 -9999 -9999 -9999 -9999 -9999 -9999 -9999 -9999 -9999 -9999 -9999 -9999 -9999 -9999 -9999 -9999 -9999 -0.343522858543167 -0.373778994744378 0.0464890189054218 0.0464890189054218 0.0464890189054218 0.0600571485655205 0.0874760547879324 0.394750249670436 0.514992781822644 0.19419159027668 0.0600571485655205 0.514992781822644 0.394750249670436 0.195007579170132 0.195007579170132 0.0464890189054219 0.0874760547879323 0.144223995041965 0.0600571485655205 0.122493355040125 0.122493355040125 0.122493355040125 0.0600571485655205 0.267016255137497 0.19419159027668 0.251474874459618
-9999 -9999 -9999 -9999 -9999 -9999 -9999 -9999 -9999 -9999 -9999 -9999 -9999 -9999 -9999 -9999 -9999 -9999 -9999 -9999 -9999 -9999 -9999 -9999 -9999 -9999 -9999 -9999 -9999 -9999 -9999 -9999 -9999 -9999 -9999 -9999 -0.343522858543168 -0.373778994744377 0.0464890189054217 0.0600571485655204 0.0464890189054217 0.0464890189054217 0.0464890189054217 0.514992781822643 0.194191590276681 0.514992781822643 0.194191590276681 0.514992781822643 0.514992781822643 0.514992781822643 0.195007579170133 0.195007579170133 0.144223995041965 0.144223995041965 0.122493355040126 0.0464890189054217 0.194191590276681 0.194191590276681 0.215253720529728 0.215253720529728 0.215253720529728 0.251474874459618
-9999 -9999 -9999 -9999 -9999 -9999 -9999 -9999 -9999 -9999 -9999 -9999 -9999 -9999 -9999 -9999 -9999 -9999 -9999 -9999 -9999 -9999 -9999 -9999 -9999 -9999 -9999 -9999 -9999 -9999 -9999 -9999 -9999 -9999 -9999 -9999 -0.0203469844687198 0.0464890189054217 0.0464890189054217 0.0600571485655204 0.0464890189054217 0.0464890189054217 0.0464890189054217 0.514992781822643 0.514992781822643 0.514992781822643 0.194191590276682 0.514992781822643 0.514992781822643 0.514992781822643 0.194191590276682 0.087476054787932 0.087476054787932 0.087476054787932 -0.0871926764491508 0.0749129488380012 0.215253720529728 0.394750249670429 0.394750249670429 0.394750249670429 0.394750249670429 0.0749129488380012
-9999 -9999 -9999 -9999 -9999 -9999 -9999 -9999 -9999 -9999 -9999 -9999 -9999 -9999 -9999 -9999 -9999 -9999 -9999 -9999 -9999 -9999 -9999 -9999 -9999 -9999 -9999 -9999 -9999 -9999 -9999 -9999 -9999 -9999 -9999 -9999 -0.0203469844687198 0.0464890189054216 0.0464890189054216 0.0464890189054216 -0.373778994744374 -0.373778994744374 0.0464890189054216 0.0464890189054216 0.514992781822642 0.514992781822642 0.194191590276682 0.514992781822642 0.514992781822642 0.194191590276682 0.194191590276682 0.215253720529729 0.0874760547879317 0.144223995041965 0.0874760547879317 0.0269110962990319 0.256276198132797 0.394750249670428 0.394750249670428 0.215253720529729 0.215253720529729 0.394750249670429
-9999 -9999 -9999 -9999 -9999 -9999 -9999 -9999 -9999 -9999 -9999 -9999 -9999 -9999 -9999 -9999 -9999 -9999 -9999 -9999 -9999 -9999 -9999 -9999 -9999 -9999 -9999 -9999 -9999 -9999 -9999 -9999 -9999 -9999 -9999 -9999 -0.175097569381329 -0.0203469844687198 -0.343522858543169 -0.373778994744374 -0.160486581607341 -0.373778994744374 0.074912948838001 0.074912948838001 0.510405850201159 0.510405850201159 0.510405850201159 0.510405850201159 0.510405850201159 0.514992781822642 0.514992781822642 0.514992781822642 0.0874760547879315 0.326620533736453 0.0874760547879315 0.0874760547879315 0.0683010594159085 0.0683010594159085 0.267016255137495 0.215253720529729 0.215253720529729 0.215253720529729
