Data/Geology/CFRgeocombined.asc
NCOLS 472 
NROWS 226 
XLLCORNER 17.841667175293 
YLLCORNER -34.825000762939 
CELLSIZE 0.01666666667 
NODATA_value -9999 
[rows 162 to 188 of 226, columns 248 to 309 of 472]
-0.424697328829881 -0.424697328829881 -0.373778994744373 -0.0102246029342213 -0.0102246029342213 -0.373778994744373 0.0757206574341555 0.0757206574341555 -9999 0.0757206574341555 0.102601656562761 0.102601656562761 0.102601656562761 -9999 -9999 -9999 -9999 -9999 -9999 -9999 -9999 -9999 -9999 -9999 -9999 -9999 0.23805104893208 0.41980661742981 0.541792747636796 0.541792747636796 0.541792747636796 0.541792747636796 0.541792747636796 0.0757206574341555 0.0757206574341555 0.0854432249067311 0.513213310223716 0.114599790591863 0.000900714650310477 0.000900714650310479 0.000900714650310479 -0.0931875996854475 -0.424697328829882 -0.424697328829882 -0.424697328829881 -0.424697328829881 -0.0104184041552721 -0.0104184041552721 0.000900714650310466 -0.010418404155272 -0.010418404155272 -0.010418404155272 -0.010418404155272 -0.010418404155272 -0.010418404155272 0.000900714650310468 0.000900714650310463 0.000900714650310463 -0.0104184041552721 -0.0104184041552721 -0.0104184041552721 -0.0104184041552721
0.0854432249067312 -0.0102246029342216 -0.0102246029342216 -0.0102246029342216 -0.0102246029342216 0.0854432249067312 0.0757206574341552 0.0757206574341551 0.0757206574341551 0.0854432249067312 0.0854432249067313 0.0757206574341551 0.0757206574341551 -9999 -9999 -9999 -9999 -9999 -9999 -9999 -9999 -9999 0.541792747636796 0.513213310223714 0.513213310223714 0.0854432249067313 0.0282412314773972 0.0282412314773972 0.000900714650310242 0.000900714650310243 0.000900714650310243 0.000900714650310243 -0.0104184041552721 -0.424697328829881 -0.424697328829881 0.000900714650310236 0.000900714650310236 -0.0931875996854473 -0.424697328829881 -0.0104184041552722 -0.0104184041552721 -0.0104184041552721 -0.0104184041552721 -0.0104184041552721 0.000900714650310223 0.0854432249067312 0.0757206574341551 -0.0104184041552721 0.000900714650310234 -0.0104184041552722 -0.0104184041552722 0.000900714650310223 -0.0104184041552722 -0.424697328829881 -0.424697328829881 -0.424697328829881 -0.424697328829881 -0.424697328829881 -0.424697328829881 -0.424697328829881 -0.424697328829881 -0.0104184041552722
-0.0102246029342219 -0.0102246029342219 -0.0102246029342219 -0.0102246029342219 -0.0102246029342219 -0.0102246029342219 -0.373778994744372 -0.0102246029342219 -0.0102246029342219 -0.0102246029342219 -0.0102246029342219 0.0757206574341549 0.0854432249067314 0.0854432249067315 0.0854432249067314 0.513213310223713 0.217556248054144 0.513213310223713 0.0854432249067315 0.000900714650310068 0.00090071465031007 0.00090071465031007 0.00090071465031007 0.00090071465031007 0.000900714650310065 -0.0931875996854473 -0.0931875996854472 -0.424697328829882 -0.424697328829882 -0.483253517688304 -0.483253517688304 -0.483253517688303 -0.424697328829882 -0.0104184041552723 -0.0104184041552723 -0.0104184041552723 0.0757206574341549 0.0757206574341549 0.0757206574341549 0.541792747636796 0.513213310223713 -0.0104184041552723 -0.0104184041552723 -0.0104184041552723 -0.0104184041552723 0.000900714650310053 -0.0104184041552723 -0.424697328829882 -0.424697328829882 -0.424697328829882 -0.424697328829882 -0.424697328829881 -0.424697328829881 -0.424697328829881 -0.424697328829881 -0.424697328829881 -0.424697328829881 -0.424697328829881 -0.0741611899416702 -0.0635465563845698 -0.0635465563845698 -0.0635465563845698
-0.373778994744372 -0.373778994744372 -0.0102246029342221 -0.373778994744372 -0.373778994744372 -0.373778994744372 -0.0102246029342221 -0.373778994744372 -0.0102246029342221 0.0854432249067316 0.0854432249067316 0.0854432249067316 0.0757206574341547 0.0854432249067316 0.0854432249067316 0.0854432249067316 0.0757206574341547 0.0854432249067316 -0.0102246029342221 -0.424697328829881 -0.424697328829881 -0.424697328829881 -0.0931875996854473 -0.0931875996854473 -0.0931875996854473 -0.0931875996854473 -0.0931875996854473 -0.424697328829881 -0.375953814777976 -0.0104184041552724 -0.0104184041552724 -0.0104184041552724 0.0757206574341547 0.0757206574341547 0.541792747636796 0.541792747636796 0.541792747636796 0.541792747636796 0.541792747636796 -0.0104184041552724 -0.0104184041552724 -0.0104184041552724 -0.424697328829881 -0.424697328829881 -0.424697328829881 -0.424697328829881 -0.424697328829881 -0.483253517688304 -0.424697328829881 -0.424697328829881 -0.424697328829881 -0.424697328829881 -0.424697328829881 -0.424697328829881 -0.424697328829881 -0.424697328829881 -0.424697328829881 -0.424697328829881 -0.424697328829881 -0.424697328829881 -0.424697328829881 -0.424697328829881
-0.373778994744373 -0.0102246029342223 -0.0102246029342223 -0.0102246029342223 -0.0102246029342223 -0.315206282950877 -0.315206282950877 -0.373778994744373 -0.373778994744373 -0.373778994744373 -0.0102246029342223 -0.0102246029342223 -0.373778994744373 -0.0102246029342223 -0.0931875996854474 -0.42469732882988 -0.0102246029342223 -0.373778994744373 -0.373778994744373 -0.42469732882988 -0.42469732882988 -0.373778994744373 -0.375953814777974 -0.42469732882988 -0.0931875996854475 -0.0931875996854475 -0.375953814777974 -0.375953814777974 0.000900714650309863 0.000900714650309864 -0.0104184041552726 -0.0104184041552726 -0.0104184041552726 -0.0104184041552726 0.0196076400195691 0.0196076400195691 -0.0104184041552726 -0.0104184041552726 -0.0104184041552726 -0.42469732882988 -0.42469732882988 -0.42469732882988 -0.483253517688304 -0.424697328829879 -0.424697328829879 -0.424697328829879 -0.424697328829879 -0.424697328829879 -0.424697328829879 -0.424697328829879 -0.424697328829879 -0.424697328829879 -0.424697328829879 -0.424697328829879 -0.424697328829879 -0.373778994744373 -0.373778994744373 -0.373778994744373 -0.424697328829879 -0.424697328829879 -0.424697328829879 -0.373778994744373
-0.373778994744371 -0.373778994744371 -0.373778994744371 -0.0102246029342226 -0.373778994744371 -0.0102246029342226 -0.373778994744371 -0.373778994744371 -0.373778994744371 -0.373778994744371 -0.424697328829878 -0.424697328829878 -0.424697328829878 -0.0931875996854476 -0.0931875996854476 -0.424697328829878 -0.0931875996854476 -0.424697328829878 -0.424697328829878 -0.424697328829878 -0.424697328829878 -0.375953814777975 -0.315206282950876 -0.375953814777975 -0.424697328829878 -0.424697328829878 -0.424697328829878 -0.375953814777975 -0.375953814777975 -0.424697328829878 -0.424697328829878 -0.483253517688305 -0.483253517688305 -0.483253517688305 -0.483253517688305 -0.424697328829878 -0.424697328829878 -0.424697328829878 -0.424697328829878 -0.424697328829878 -0.424697328829878 -0.424697328829878 -0.424697328829878 -0.373778994744371 -0.424697328829878 -0.424697328829878 -0.424697328829878 -0.373778994744371 -0.424697328829878 -0.424697328829878 -0.424697328829878 -0.424697328829878 -0.424697328829878 -0.424697328829878 -0.424697328829878 -0.424697328829878 -0.424697328829878 -0.373778994744371 -0.424697328829878 -0.424697328829878 -0.424697328829878 -0.424697328829878
-0.37377899474437 -0.37377899474437 -0.37377899474437 -0.37377899474437 -0.37377899474437 -0.424697328829878 -0.424697328829878 -0.424697328829878 -0.424697328829878 -0.424697328829878 -0.424697328829878 -0.483253517688305 -0.483253517688305 -0.483253517688305 -0.483253517688305 -0.483253517688305 -0.483253517688305 -0.483253517688306 -0.483253517688306 -0.483253517688305 -0.424697328829878 -0.424697328829878 -0.315206282950876 -0.315206282950876 -0.424697328829878 -0.424697328829878 -0.424697328829878 -0.424697328829878 -0.375953814777975 -0.424697328829878 -0.424697328829878 -0.424697328829878 -0.424697328829878 -0.424697328829878 -0.424697328829878 -0.424697328829878 -0.424697328829878 -0.424697328829878 -0.424697328829878 -0.483253517688306 -0.0741611899416716 -0.37377899474437 -0.37377899474437 -0.37377899474437 -0.424697328829878 -0.424697328829878 -0.37377899474437 -0.37377899474437 -0.424697328829878 -0.424697328829878 -0.424697328829878 -0.37377899474437 -0.37377899474437 -0.424697328829878 -0.424697328829878 -0.424697328829878 -0.37377899474437 -0.37377899474437 -0.37377899474437 -0.424697328829878 -0.424697328829878 -0.424697328829878
-0.074161189941672 -0.074161189941672 -0.424697328829879 -0.424697328829879 -0.424697328829879 -0.424697328829879 -0.424697328829879 -0.483253517688307 -0.483253517688307 -0.483253517688307 -0.483253517688307 -0.483253517688307 -0.483253517688307 -0.483253517688307 -0.483253517688307 -0.483253517688307 -0.483253517688307 -0.483253517688307 -0.424697328829878 -0.424697328829878 -0.424697328829878 -0.424697328829878 -0.424697328829878 -0.424697328829878 -0.424697328829878 -0.424697328829878 -0.424697328829878 -0.424697328829878 -0.424697328829878 -0.424697328829878 -0.424697328829878 -0.424697328829878 -0.424697328829878 -0.424697328829878 -0.424697328829878 -0.424697328829878 -0.483253517688307 -0.483253517688307 -0.483253517688307 -0.063546556384572 -0.0741611899416722 -0.373778994744369 -0.373778994744369 -0.373778994744369 -0.424697328829878 -0.424697328829878 -0.373778994744369 -0.373778994744369 -0.373778994744369 -0.0741611899416722 -0.0741611899416722 -0.0575658006015989 -0.0741611899416722 -0.0741611899416722 -0.0741611899416722 -0.0741611899416722 -0.0741611899416722 -0.0741611899416722 -0.0741611899416722 -0.0741611899416722 0.010234073878997 -0.373778994744369
-0.483253517688308 -0.483253517688308 -0.483253517688308 -0.483253517688308 -0.483253517688308 -0.483253517688308 -0.483253517688308 -0.483253517688308 -0.483253517688308 -0.483253517688308 -0.483253517688308 -0.483253517688308 -0.483253517688308 -0.483253517688308 -0.483253517688308 -0.483253517688308 -0.483253517688308 -0.483253517688308 -0.483253517688308 -0.483253517688308 -0.483253517688308 -0.483253517688308 -0.483253517688308 -0.483253517688308 -0.483253517688308 -0.483253517688308 -0.483253517688308 -0.483253517688308 -0.483253517688308 -0.483253517688308 -0.483253517688308 -0.483253517688308 -0.483253517688308 -0.483253517688308 -0.483253517688308 -0.483253517688308 -0.483253517688308 -0.483253517688308 -0.483253517688308 -0.483253517688308 -0.0741611899416725 -0.0741611899416725 -0.0741611899416725 -0.0741611899416725 -0.0741611899416725 -0.0741611899416725 -0.0741611899416725 -0.0741611899416725 -0.0741611899416725 0.0505370912780294 0.0505370912780294 0.0606727594636232 0.04425060722153 0.04425060722153 -0.0321972914175251 -0.483253517688308 -0.0888941524551512 -0.483253517688308 -9999 -0.0741611899416725 0.0102340738789972 -0.373778994744368
-0.253315920855078 -0.483253517688309 -0.483253517688309 -0.483253517688309 -0.253315920855078 -0.483253517688309 -0.483253517688309 -0.483253517688309 -0.483253517688309 -0.483253517688309 -0.483253517688309 -0.483253517688309 -0.483253517688309 -0.483253517688309 -0.483253517688309 -0.483253517688309 -0.483253517688309 -0.483253517688309 -0.483253517688309 -0.483253517688309 -0.483253517688309 -0.483253517688309 -0.483253517688309 -0.483253517688309 -0.483253517688309 -0.483253517688309 -0.483253517688309 -0.483253517688309 -0.483253517688309 -0.483253517688309 -0.483253517688309 -0.483253517688309 -0.483253517688309 -0.483253517688309 -0.483253517688309 -0.483253517688309 -0.483253517688309 -0.483253517688309 -0.483253517688309 -0.483253517688309 -0.0321972914175253 -0.167897463902393 -0.167897463902393 -0.167897463902393 -0.167897463902393 -0.167897463902393 -0.167897463902393 -0.167897463902393 0.0282412314773953 0.0505370912780294 0.514992781822628 0.55256779086302 0.55256779086302 0.55256779086302 -0.0321972914175253 -0.483253517688309 -0.483253517688309 -9999 -9999 -9999 -9999 -0.0741611899416728
-0.253315920855079 0.0555540298215219 0.0555540298215219 0.0555540298215219 0.0555540298215219 0.0555540298215219 -0.0321972914175256 -0.48325351768831 -0.48325351768831 -0.48325351768831 -0.48325351768831 -0.48325351768831 -0.0321972914175256 -0.0321972914175256 -0.0321972914175256 -0.0321972914175256 -0.0321972914175256 0.0555540298215219 0.0555540298215219 -0.0321972914175256 -0.0321972914175256 -0.0126061633707203 -0.0321972914175256 -0.0321972914175256 -0.0321972914175256 -0.0321972914175256 -0.0321972914175256 -0.0321972914175256 0.0442506072215301 0.0442506072215301 0.00379530704669354 0.00379530704669354 0.00379530704669354 -0.483253517688309 0.00379530704669354 -0.483253517688309 -0.483253517688309 -0.0321972914175256 -0.0321972914175256 -0.0321972914175256 -0.0126061633707203 0.256276198132793 0.256276198132793 0.256276198132793 0.256276198132793 0.256276198132794 0.256276198132794 0.256276198132793 0.419806617429816 0.266065044530233 0.552567790863021 0.552567790863021 0.552567790863021 0.514992781822628 0.514992781822628 -0.0321972914175256 -0.0321972914175256 -9999 -9999 -9999 -9999 -9999
0.055554029821522 0.309938081554016 0.267016255137486 0.267016255137486 0.267016255137486 0.514992781822626 0.055554029821522 0.055554029821522 0.060672759463623 0.060672759463623 -0.349870221487755 0.060672759463623 -0.0321972914175258 0.514992781822626 0.514992781822626 0.394750249670408 0.394750249670408 0.394750249670408 0.394750249670408 0.394750249670408 0.394750249670408 0.394750249670408 0.394750249670408 0.394750249670408 0.394750249670408 0.394750249670408 0.394750249670408 0.394750249670408 0.394750249670408 0.552567790863021 0.552567790863021 0.552567790863021 0.552567790863021 0.0442506072215301 0.552567790863021 0.04425060722153 0.04425060722153 0.0442506072215301 0.552567790863021 0.552567790863021 0.394750249670408 0.256276198132793 0.256276198132793 0.256276198132793 0.256276198132793 0.256276198132793 0.256276198132793 0.419806617429817 0.266065044530232 0.266065044530232 0.425251374991965 0.552567790863021 0.552567790863021 0.514992781822626 0.514992781822626 0.514992781822626 -9999 -9999 -9999 -9999 -9999 -9999
0.309938081554016 0.267016255137485 0.267016255137485 0.153989139041849 0.267016255137485 0.267016255137485 0.394750249670406 0.309938081554016 0.309938081554016 0.309938081554016 0.267016255137485 0.267016255137485 0.209475423114872 0.514992781822628 0.394750249670406 0.394750249670406 0.256276198132793 0.256276198132793 0.256276198132793 0.256276198132793 0.256276198132793 0.256276198132793 0.256276198132793 0.256276198132793 0.256276198132793 0.256276198132793 0.256276198132793 0.256276198132793 0.394750249670406 0.394750249670406 0.394750249670406 0.394750249670406 0.394750249670406 0.394750249670406 0.514992781822628 0.552567790863021 0.266065044530231 0.266065044530231 0.235690195402085 0.235690195402085 0.266065044530231 0.43831587406801 0.419806617429819 0.256276198132794 0.419806617429819 0.408423908780756 0.408423908780756 0.267016255137485 0.267016255137485 0.425251374991966 0.425251374991966 0.381515210378188 0.381515210378188 0.381515210378188 0.381515210378188 0.514992781822628 -9999 -9999 -9999 -9999 -9999 -0.0741611899416723
0.309938081554015 0.267016255137484 0.153989139041849 0.153989139041849 0.153989139041849 0.153989139041849 0.267016255137484 0.394750249670405 0.394750249670405 0.394750249670405 0.514992781822629 0.514992781822629 0.514992781822629 0.514992781822629 0.394750249670405 0.394750249670405 0.256276198132793 0.256276198132793 0.256276198132793 0.256276198132793 0.256276198132793 0.256276198132793 0.256276198132793 0.256276198132793 0.256276198132793 0.256276198132793 0.256276198132793 0.256276198132793 0.256276198132793 0.256276198132793 0.256276198132793 0.256276198132793 0.256276198132793 0.419806617429819 0.266065044530229 0.266065044530229 0.266065044530229 0.256880953189919 0.256880953189919 0.256880953189919 0.258625234262878 0.258625234262878 0.386666482474731 0.395050188453154 0.386666482474732 0.379805493462546 0.234327489068675 0.234327489068675 0.234327489068675 0.381515210378189 0.381515210378189 0.381515210378189 0.381515210378189 0.381515210378189 0.381515210378189 -0.026878027962389 -9999 -9999 -9999 -0.0575658006016003 -0.0931875996854474 -0.424697328829881
0.060672759463623 0.267016255137484 0.15398913904185 0.15398913904185 0.15398913904185 0.256276198132793 0.256276198132793 0.256276198132793 0.256276198132793 0.394750249670405 0.394750249670405 0.394750249670405 0.394750249670405 0.514992781822629 0.514992781822629 0.394750249670405 0.394750249670405 0.256276198132793 0.256276198132793 0.256276198132793 0.256276198132793 0.256276198132793 0.256276198132793 0.256276198132793 0.256276198132793 0.256276198132793 0.256276198132793 0.256276198132793 0.256276198132793 0.256276198132793 0.256276198132793 0.256276198132793 0.41980661742982 0.266065044530228 -9999 -9999 -9999 -9999 -9999 -9999 -9999 0.234327489068674 0.379805493462546 0.379805493462546 0.379805493462546 0.379805493462546 0.379805493462546 0.412197164684182 0.379805493462546 0.379805493462546 0.402693322989871 0.402693322989871 0.379805493462546 0.234327489068674 0.234327489068674 -0.188476866009647 -0.188476866009647 -0.188476866009647 -0.188476866009647 -0.0931875996854472 0.320849011825246 0.00487100812291372
0.408423908780758 0.238051048932076 0.256276198132793 0.256276198132793 0.256276198132793 0.256276198132793 0.256276198132793 0.256276198132793 0.256276198132793 0.256276198132793 0.0196076400195662 0.256276198132793 0.394750249670405 0.394750249670405 0.394750249670405 0.514992781822628 0.394750249670405 0.394750249670405 0.256276198132793 0.256276198132793 0.256276198132793 0.256276198132793 0.256276198132793 0.256276198132793 0.256276198132793 0.256276198132793 0.256276198132793 0.256276198132793 0.256276198132793 0.256276198132793 0.41980661742982 0.235690195402084 0.266065044530226 -9999 -9999 -9999 -9999 -9999 -9999 -9999 -9999 -9999 -9999 -9999 -9999 -9999 0.379805493462547 0.379805493462547 0.379805493462547 0.379805493462547 0.379805493462547 0.379805493462547 0.379805493462547 0.379805493462547 0.234327489068674 0.234327489068674 0.234327489068674 -0.0268780279623892 -0.0268780279623892 -0.188476866009647 -9999 -9999
0.475345589805334 0.513213310223696 0.334010804811118 0.334010804811118 0.38666648247473 0.38666648247473 0.334010804811118 0.256276198132793 0.256276198132793 0.0196076400195662 0.0312256915770413 -0.0575658006016008 -0.0575658006016009 0.334010804811118 0.406234903597725 0.414821321111854 0.394750249670403 0.209475423114871 0.256276198132793 0.256276198132793 0.256276198132793 0.256276198132793 0.256276198132793 0.256276198132793 0.256276198132793 0.256276198132793 0.256276198132793 0.419806617429821 0.235690195402084 0.266065044530226 0.266065044530226 -9999 -9999 -9999 -9999 -9999 -9999 -9999 -9999 -9999 -9999 -9999 -9999 -9999 -9999 -9999 -9999 -9999 -9999 -9999 -9999 0.213236871290875 0.379805493462547 0.234327489068674 0.234327489068674 0.234327489068674 0.234327489068674 0.402693322989873 0.425251374991966 0.234327489068674 0.320849011825246 -9999
0.497099576870485 0.475345589805334 0.435703107388239 0.475345589805334 0.475345589805334 0.475345589805334 0.334010804811116 0.334010804811116 0.38666648247473 0.0312256915770411 -0.088894152455153 0.435703107388239 0.435703107388239 0.435703107388239 0.213236871290875 -9999 -9999 -9999 -9999 -9999 -9999 -9999 -9999 0.0477296032879843 0.0477296032879843 0.0477296032879843 0.235690195402085 0.266065044530225 -9999 -9999 -9999 -9999 -9999 -9999 -9999 -9999 -9999 -9999 -9999 -9999 -9999 -9999 -9999 -9999 -9999 -9999 -9999 -9999 -9999 -9999 -9999 -9999 -9999 -9999 -9999 0.234327489068674 0.234327489068674 0.379805493462548 0.379805493462548 0.234327489068674 0.234327489068674 0.234327489068674
0.497099576870485 0.0200990653112395 -0.0888941524551531 0.435703107388239 0.475345589805333 0.475345589805333 0.475345589805333 0.475345589805333 0.475345589805333 0.475345589805333 0.475345589805333 0.379805493462549 -9999 -9999 -9999 -9999 -9999 -9999 -9999 -9999 -9999 -9999 -9999 -9999 -9999 -9999 -9999 -9999 -9999 -9999 -9999 -9999 -9999 -9999 -9999 -9999 -9999 -9999 -9999 -9999 -9999 -9999 -9999 -9999 -9999 -9999 -9999 -9999 -9999 -9999 -9999 -9999 -9999 -9999 -9999 -9999 -9999 -9999 0.234327489068674 0.234327489068674 0.234327489068674 0.234327489068674
0.497099576870486 0.0200990653112396 -0.0888941524551531 0.435703107388239 0.435703107388239 0.475345589805332 0.475345589805332 0.475345589805332 0.475345589805332 0.37980549346255 -9999 -9999 -9999 -9999 -9999 -9999 -9999 -9999 -9999 -9999 -9999 -9999 -9999 -9999 -9999 -9999 -9999 -9999 -9999 -9999 -9999 -9999 -9999 -9999 -9999 -9999 -9999 -9999 -9999 -9999 -9999 -9999 -9999 -9999 -9999 -9999 -9999 -9999 -9999 -9999 -9999 -9999 -9999 -9999 -9999 -9999 -9999 -9999 -9999 -9999 -9999 -9999
0.541792747636797 0.0162841971494517 -0.0888941524551532 0.0200990653112398 0.475345589805332 0.475345589805332 0.475345589805332 0.435703107388238 0.37980549346255 -9999 -9999 -9999 -9999 -9999 -9999 -9999 -9999 -9999 -9999 -9999 -9999 -9999 -9999 -9999 -9999 -9999 -9999 -9999 -9999 -9999 -9999 -9999 -9999 -9999 -9999 -9999 -9999 -9999 -9999 -9999 -9999 -9999 -9999 -9999 -9999 -9999 -9999 -9999 -9999 -9999 -9999 -9999 -9999 -9999 -9999 -9999 -9999 -9999 -9999 -9999 -9999 -9999
0.0854432249067308 0.000900714650307345 -0.0931875996854468 -0.0931875996854468 0.475345589805331 0.475345589805331 0.475345589805331 0.475345589805331 -9999 -9999 -9999 -9999 -9999 -9999 -9999 -9999 -9999 -9999 -9999 -9999 -9999 -9999 -9999 -9999 -9999 -9999 -9999 -9999 -9999 -9999 -9999 -9999 -9999 -9999 -9999 -9999 -9999 -9999 -9999 -9999 -9999 -9999 -9999 -9999 -9999 -9999 -9999 -9999 -9999 -9999 -9999 -9999 -9999 -9999 -9999 -9999 -9999 -9999 -9999 -9999 -9999 -9999
0.0162841971494513 0.000900714650307167 0.000900714650307166 0.00487100812291337 0.000900714650307166 -0.0931875996854467 0.435703107388238 0.435703107388238 -9999 -9999 -9999 -9999 -9999 -9999 -9999 -9999 -9999 -9999 -9999 -9999 -9999 -9999 -9999 -9999 -9999 -9999 -9999 -9999 -9999 -9999 -9999 -9999 -9999 -9999 -9999 -9999 -9999 -9999 -9999 -9999 -9999 -9999 -9999 -9999 -9999 -9999 -9999 -9999 -9999 -9999 -9999 -9999 -9999 -9999 -9999 -9999 -9999 -9999 -9999 -9999 -9999 -9999
-0.0159928698463967 0.0606727594636205 -0.0104184041552759 -0.0104184041552759 -0.424697328829883 -0.424697328829884 -0.0931875996854466 -0.0798968264733451 -9999 -9999 -9999 -9999 -9999 -9999 -9999 -9999 -9999 -9999 -9999 -9999 -9999 -9999 -9999 -9999 -9999 -9999 -9999 -9999 -9999 -9999 -9999 -9999 -9999 -9999 -9999 -9999 -9999 -9999 -9999 -9999 -9999 -9999 -9999 -9999 -9999 -9999 -9999 -9999 -9999 -9999 -9999 -9999 -9999 -9999 -9999 -9999 -9999 -9999 -9999 -9999 -9999 -9999
0.144223995041962 0.0505370912780303 -0.010418404155276 -0.010418404155276 -0.010418404155276 -0.010418404155276 -0.010418404155276 0.00487100812291306 0.00487100812291306 -9999 -9999 -9999 -9999 -9999 -9999 -9999 -9999 -9999 -9999 -9999 -9999 -9999 -9999 -9999 -9999 -9999 -9999 -9999 -9999 -9999 -9999 -9999 -9999 -9999 -9999 -9999 -9999 -9999 -9999 -9999 -9999 -9999 -9999 -9999 -9999 -9999 -9999 -9999 -9999 -9999 -9999 -9999 -9999 -9999 -9999 -9999 -9999 -9999 -9999 -9999 -9999 -9999
0.0606727594636201 -0.010418404155276 -0.00738721926643894 -0.00738721926643894 -0.00738721926643894 -0.00738721926643894 -0.391039730075461 -0.00738721926643894 -0.00738721926643894 -0.391039730075461 -9999 -9999 -9999 -9999 -9999 -9999 -9999 -9999 -9999 -9999 -9999 -9999 -9999 -9999 -9999 -9999 -9999 -9999 -9999 -9999 -9999 -9999 -9999 -9999 -9999 -9999 -9999 -9999 -9999 -9999 -9999 -9999 -9999 -9999 -9999 -9999 -9999 -9999 -9999 -9999 -9999 -9999 -9999 -9999 -9999 -9999 -9999 -9999 -9999 -9999 -9999 -9999
0.00487100812291296 -0.00738721926643897 -9999 -9999 -9999 -9999 -9999 -9999 -9999 -9999 -9999 -9999 -9999 -9999 -9999 -9999 -9999 -9999 -9999 -9999 -9999 -9999 -9999 -9999 -9999 -9999 -9999 -9999 -9999 -9999 -9999 -9999 -9999 -9999 -9999 -9999 -9999 -9999 -9999 -9999 -9999 -9999 -9999 -9999 -9999 -9999 -9999 -9999 -9999 -9999 -9999 -9999 -9999 -9999 -9999 -9999 -9999 -9999 -9999 -9999 -9999 -9999
