Data/Geology/CFRgeocombined.asc
NCOLS 472 
NROWS 226 
XLLCORNER 17.841667175293 
YLLCORNER -34.825000762939 
CELLSIZE 0.01666666667 
NODATA_value -9999 
[rows 54 to 80 of 226, columns 0 to 61 of 472]
-9999 -9999 -9999 -9999 -9999 -9999 -9999 -9999 -9999 -9999 -9999 -9999 -9999 -9999 -9999 -9999 -9999 -9999 -9999 -9999 -9999 -9999 -9999 -9999 -9999 -9999 -9999 -0.155186504301149 -0.320627734120962 -0.160486581607322 -0.16792971051018 -0.320627734120962 -0.320627734120962 -0.320627734120962 -0.0331629112644929 -0.0331629112644929 0.411563679645912 0.411563679645912 0.411563679645912 0.411563679645913 0.411563679645913 0.411563679645913 0.294642645447759 -0.167897463902393 -0.117650004942903 0.411563679645913 0.411563679645913 -0.113704501463534 -0.483253517688296 -0.113704501463534 -0.117650004942903 -0.0679629613784305 -0.0679629613784305 0.0312256915770486 -0.074161189941668 -0.483253517688296 -0.483253517688296 -0.483253517688296 -0.483253517688296 -0.483253517688296 -0.483253517688296 -0.483253517688296
-9999 -9999 -9999 -9999 -9999 -9999 -9999 -9999 -9999 -9999 -9999 -9999 -9999 -9999 -9999 -9999 -9999 -9999 -9999 -9999 -9999 -9999 -9999 -9999 -9999 -9999 -9999 -0.0871926764491415 -0.155186504301149 -0.37377899474436 -0.160486581607323 -0.37377899474436 -0.37377899474436 -0.033162911264493 -0.033162911264493 -0.033162911264493 0.411563679645913 0.411563679645913 0.411563679645913 0.411563679645913 0.294642645447758 0.348466476312257 0.348466476312256 -0.167897463902393 -0.117650004942903 0.294642645447758 0.411563679645913 -0.113704501463534 -0.113704501463534 -0.113704501463534 -0.483253517688297 -0.483253517688297 -0.483253517688297 -0.167897463902393 -0.0741611899416681 -0.0741611899416681 -0.424697328829881 -0.483253517688297 -0.483253517688297 -0.483253517688297 -0.483253517688297 -0.483253517688297
-9999 -9999 -9999 -9999 -9999 -9999 -9999 -9999 -9999 -9999 -9999 -9999 -9999 -9999 -9999 -9999 -9999 -9999 -9999 -9999 -9999 -9999 -9999 -9999 -9999 -9999 -9999 -0.278805154310255 -0.320627734120962 -0.320627734120962 -0.37377899474436 -0.37377899474436 -0.033162911264493 -0.033162911264493 0.411563679645913 0.411563679645913 0.411563679645913 0.411563679645913 0.411563679645913 0.411563679645913 -0.117650004942903 -0.0258195949479291 0.348466476312256 -0.0258195949479292 -0.117650004942903 -0.113704501463534 -0.113704501463534 -0.113704501463534 -0.113704501463534 -0.113704501463534 -0.113704501463534 -0.483253517688297 -0.483253517688297 -0.483253517688297 -0.483253517688297 -0.42469732882988 -0.42469732882988 -0.483253517688297 -0.483253517688297 -0.483253517688297 -0.483253517688297 -0.483253517688297
-9999 -9999 -9999 -9999 -9999 -9999 -9999 -9999 -9999 -9999 -9999 -9999 -9999 -9999 -9999 -9999 -9999 -9999 -9999 -9999 -9999 -9999 -9999 -9999 -9999 -9999 -9999 -0.343522858543158 -0.37377899474436 -0.37377899474436 -0.37377899474436 -0.37377899474436 -0.0331629112644931 -0.0331629112644931 0.411563679645913 0.411563679645914 0.411563679645914 0.411563679645914 0.411563679645914 0.445490794519724 -0.113704501463534 -0.202674882226574 -0.117650004942903 0.294642645447756 -0.117650004942903 -0.483253517688297 -0.483253517688297 -0.483253517688297 -0.483253517688297 -0.483253517688297 -0.483253517688297 -0.483253517688297 -0.483253517688297 -0.483253517688297 -0.483253517688297 -0.483253517688297 -0.483253517688297 -0.483253517688297 -0.483253517688297 -0.483253517688297 -0.483253517688297 -0.483253517688297
-9999 -9999 -9999 -9999 -9999 -9999 -9999 -9999 -9999 -9999 -9999 -9999 -9999 -9999 -9999 -9999 -9999 -9999 -9999 -9999 -9999 -9999 -9999 -9999 -9999 -9999 -9999 -9999 -0.37377899474436 -0.37377899474436 -0.37377899474436 -0.37377899474436 -0.37377899474436 -0.0331629112644932 -0.0331629112644932 -0.0331629112644932 -0.0331629112644932 -0.0331629112644932 0.411563679645914 0.445490794519724 0.294642645447755 -0.117650004942903 -0.117650004942903 -0.117650004942903 -0.117650004942903 -0.113704501463534 -0.483253517688297 -0.483253517688298 -0.483253517688298 -0.483253517688298 -0.483253517688297 -0.483253517688297 -0.483253517688297 -0.483253517688297 -0.483253517688297 -0.0635465563845687 -0.0635465563845687 -0.483253517688297 -0.483253517688297 -0.0635465563845687 -0.483253517688297 -0.483253517688297
-9999 -9999 -9999 -9999 -9999 -9999 -9999 -9999 -9999 -9999 -9999 -9999 -9999 -9999 -9999 -9999 -9999 -9999 -9999 -9999 -9999 -9999 -9999 -9999 -9999 -9999 -9999 -9999 -0.343522858543157 -0.373778994744361 -0.373778994744361 -0.373778994744361 -0.373778994744361 -0.373778994744361 -0.0331629112644932 -0.0331629112644932 -0.0331629112644932 -0.0331629112644932 -0.0331629112644932 -0.0331629112644932 0.411563679645914 0.294642645447754 -0.117650004942903 -0.117650004942903 0.411563679645914 -0.113704501463534 -0.483253517688298 -0.483253517688298 -0.483253517688298 -0.483253517688298 -0.483253517688298 -0.483253517688298 -0.483253517688298 -0.483253517688298 -0.0635465563845688 -0.0635465563845688 -0.0635465563845688 -0.0635465563845688 -0.483253517688298 -0.0635465563845688 -0.483253517688298 -0.483253517688298
-9999 -9999 -9999 -9999 -9999 -9999 -9999 -9999 -9999 -9999 -9999 -9999 -9999 -9999 -9999 -9999 -9999 -9999 -9999 -9999 -9999 -9999 -9999 -9999 -9999 -9999 -9999 -9999 -9999 -0.343522858543157 -0.373778994744361 -0.373778994744361 -0.373778994744361 -0.373778994744361 -0.373778994744361 -0.0331629112644933 -0.0331629112644933 -0.373778994744361 -0.0331629112644933 -0.0331629112644933 -0.0331629112644933 -0.0331629112644933 -0.0331629112644933 0.411563679645914 0.411563679645914 -0.113704501463534 -0.113704501463534 -0.113704501463534 -0.483253517688298 -0.483253517688298 -0.483253517688298 -0.483253517688298 -0.483253517688298 -0.483253517688298 -0.0635465563845687 -0.0635465563845687 -0.483253517688298 -0.483253517688298 -0.483253517688298 -0.0635465563845686 -0.0635465563845686 -0.483253517688298
-9999 -9999 -9999 -9999 -9999 -9999 -9999 -9999 -9999 -9999 -9999 -9999 -9999 -9999 -9999 -9999 -9999 -9999 -9999 -9999 -9999 -9999 -9999 -9999 -9999 -9999 -9999 -9999 -9999 -0.0203469844687125 0.0600571485655285 -0.160486581607324 -0.217094734287154 -0.343522858543157 -0.343522858543157 -0.0331629112644935 -0.0331629112644935 -0.0331629112644935 -0.0331629112644935 -0.0331629112644935 -0.0331629112644935 -0.373778994744361 -0.0331629112644935 0.411563679645914 -0.117650004942903 -0.113704501463534 -0.113704501463534 -0.113704501463534 -0.483253517688298 -0.483253517688298 -0.483253517688298 -0.483253517688298 -0.483253517688298 -0.483253517688298 -0.0635465563845687 -0.483253517688298 -0.483253517688298 -0.483253517688298 -0.483253517688298 -0.375953814777986 -0.0575658006015954 -0.0635465563845688
-9999 -9999 -9999 -9999 -9999 -9999 -9999 -9999 -9999 -9999 -9999 -9999 -9999 -9999 -9999 -9999 -9999 -9999 -9999 -9999 -9999 -9999 -9999 -9999 -9999 -9999 -9999 -9999 -0.37377899474436 -0.37377899474436 -0.37377899474436 -0.0331629112644935 -0.0331629112644935 -0.0845102467905538 -0.343522858543157 0.0683010594159113 0.0683010594159113 -0.0331629112644935 -0.0331629112644935 -0.0331629112644935 -0.0331629112644935 -0.37377899474436 -0.0331629112644935 0.411563679645914 0.294642645447751 -0.117650004942903 -0.113704501463534 -0.483253517688299 -0.483253517688299 -0.483253517688299 -0.483253517688298 -0.483253517688299 -0.483253517688299 -0.483253517688298 -0.0635465563845687 -0.0635465563845687 -0.483253517688298 -0.483253517688299 -0.483253517688299 -0.375953814777985 0.0282412314774022 0.0282412314774022
-9999 -9999 -9999 -9999 -9999 -9999 -9999 -9999 -9999 -9999 -9999 -9999 -9999 -9999 -9999 -9999 -9999 -9999 -9999 -9999 -9999 -9999 -9999 -9999 -9999 -9999 -9999 -9999 -0.37377899474436 -0.37377899474436 -0.0331629112644935 -0.0331629112644935 -0.0331629112644935 -0.0117355080278042 -0.0117355080278042 -0.0331629112644935 -0.0117355080278041 -0.0117355080278041 -0.0331629112644936 -0.0331629112644936 -0.0331629112644936 -0.0331629112644936 -0.0331629112644936 0.411563679645914 0.411563679645915 0.411563679645915 -0.113704501463534 -0.483253517688299 -0.483253517688299 -0.483253517688299 -0.483253517688299 -0.483253517688299 -0.483253517688299 -0.483253517688299 -0.483253517688299 -0.0635465563845686 -0.483253517688299 -0.483253517688299 -0.483253517688299 -0.375953814777985 0.0282412314774022 0.0282412314774022
-9999 -9999 -9999 -9999 -9999 -9999 -9999 -9999 -9999 -9999 -9999 -9999 -9999 -9999 -9999 -9999 -9999 -9999 -9999 -9999 -9999 -9999 -9999 -9999 -9999 -9999 -9999 -9999 -0.343522858543157 -0.0331629112644936 -0.0331629112644936 0.411563679645914 -0.0331629112644936 -0.0331629112644936 -0.0331629112644936 -0.0331629112644936 -0.0331629112644936 -0.0117355080278042 -0.0117355080278042 -0.0117355080278042 -0.0331629112644936 -0.0331629112644936 0.411563679645914 0.411563679645914 0.411563679645914 0.294642645447749 -0.117650004942903 -0.483253517688299 -0.483253517688299 -0.483253517688299 -0.483253517688299 -0.483253517688299 -0.483253517688299 -0.483253517688299 -0.483253517688299 -0.0635465563845687 -0.0635465563845687 -0.483253517688299 -0.483253517688299 -0.483253517688299 -0.375953814777984 0.0282412314774022
-9999 -9999 -9999 -9999 -9999 -9999 -9999 -9999 -9999 -9999 -9999 -9999 -9999 -9999 -9999 -9999 -9999 -9999 -9999 -9999 -9999 -9999 -9999 -9999 -9999 -9999 -9999 -9999 -0.343522858543157 -0.0331629112644937 -0.0331629112644937 0.411563679645914 -0.0331629112644937 0.0683010594159113 0.0683010594159113 -0.0331629112644937 -0.0331629112644937 -0.0331629112644937 0.411563679645914 0.411563679645914 -0.0331629112644937 -0.0331629112644937 -0.0331629112644937 -0.0331629112644937 -0.0331629112644937 -0.0331629112644937 -0.167897463902392 -0.167897463902392 -0.167897463902392 -0.4832535176883 -0.4832535176883 -0.4832535176883 -0.4832535176883 -0.4832535176883 -0.4832535176883 -0.4832535176883 -0.0635465563845687 -0.4832535176883 -0.4832535176883 -0.4832535176883 -0.4832535176883 -0.375953814777984
-9999 -9999 -9999 -9999 -9999 -9999 -9999 -9999 -9999 -9999 -9999 -9999 -9999 -9999 -9999 -9999 -9999 -9999 -9999 -9999 -9999 -9999 -9999 -9999 -9999 -9999 -9999 -9999 -0.343522858543156 -0.0331629112644937 -0.0331629112644937 0.411563679645914 -0.0331629112644937 0.411563679645914 0.411563679645914 -0.0331629112644937 -0.0331629112644937 -0.0331629112644937 -0.0331629112644937 -0.0331629112644937 0.411563679645914 -0.0331629112644937 -0.0331629112644937 -0.0331629112644937 -0.0331629112644937 -0.373778994744361 -0.373778994744361 -0.087192676449142 -0.087192676449142 -0.167897463902392 -0.4832535176883 -0.4832535176883 -0.4832535176883 -0.4832535176883 -0.4832535176883 -0.4832535176883 -0.0635465563845687 -0.0635465563845687 -0.4832535176883 -0.4832535176883 -0.4832535176883 -0.4832535176883
-9999 -9999 -9999 -9999 -9999 -9999 -9999 -9999 -9999 -9999 -9999 -9999 -9999 -9999 -9999 -9999 -9999 -9999 -9999 -9999 -9999 -9999 -9999 -9999 -9999 -9999 -9999 -9999 -9999 -0.0117355080278042 0.411563679645914 -0.0331629112644937 -0.0331629112644937 0.411563679645914 0.411563679645914 -0.113704501463534 -0.113704501463534 -0.0331629112644938 -0.0331629112644938 0.411563679645915 0.411563679645915 0.411563679645915 0.411563679645915 0.411563679645915 -0.0331629112644937 -0.373778994744361 -0.373778994744361 -0.373778994744361 -0.373778994744361 -0.087192676449142 -0.167897463902392 -0.167897463902392 -0.483253517688301 -0.483253517688301 -0.483253517688301 -0.483253517688301 -0.483253517688301 -0.0635465563845688 -0.483253517688301 -0.483253517688301 -0.483253517688301 -0.483253517688301
-9999 -9999 -9999 -9999 -9999 -9999 -9999 -9999 -9999 -9999 -9999 -9999 -9999 -9999 -9999 -9999 -9999 -9999 -9999 -9999 -9999 -9999 -9999 -9999 -9999 -9999 -9999 -9999 -9999 -0.0845102467905542 -0.0117355080278042 -0.0117355080278042 -0.0117355080278042 -0.0117355080278042 -0.0117355080278042 -0.117650004942904 -0.113704501463534 -0.113704501463534 0.411563679645915 -0.0331629112644938 -0.0331629112644938 -0.0331629112644938 0.411563679645915 0.411563679645915 -0.0331629112644938 -0.373778994744361 -0.373778994744361 -0.373778994744361 -0.373778994744361 -0.373778994744361 -0.0871926764491421 -0.167897463902392 -0.483253517688301 -0.483253517688301 -0.483253517688301 -0.483253517688301 -0.483253517688301 -0.063546556384569 -0.063546556384569 -0.483253517688301 -0.483253517688301 -0.483253517688301
-9999 -9999 -9999 -9999 -9999 -9999 -9999 -9999 -9999 -9999 -9999 -9999 -9999 -9999 -9999 -9999 -9999 -9999 -9999 -9999 -9999 -9999 -9999 -9999 -9999 -9999 -9999 -9999 -9999 0.00142855279436764 -0.0117355080278043 -0.0117355080278043 -0.0117355080278043 -0.0117355080278043 0.411563679645915 -0.117650004942904 -0.117650004942904 -0.117650004942904 -0.0117355080278042 -0.0117355080278042 -0.0331629112644938 -0.0331629112644938 0.411563679645915 0.411563679645916 -0.0331629112644938 -0.373778994744361 -0.373778994744361 -0.373778994744361 -0.373778994744361 -0.373778994744361 -0.0871926764491421 -0.167897463902392 -0.483253517688301 -0.483253517688301 -0.483253517688301 -0.483253517688301 -0.483253517688301 -0.483253517688301 -0.0635465563845689 -0.0635465563845689 -0.0635465563845689 -0.483253517688301
-9999 -9999 -9999 -9999 -9999 -9999 -9999 -9999 -9999 -9999 -9999 -9999 -9999 -9999 -9999 -9999 -9999 -9999 -9999 -9999 -9999 -9999 -9999 -9999 -9999 -9999 -9999 -9999 -9999 -9999 0.411563679645916 -0.0331629112644937 -0.0331629112644937 -0.0331629112644937 -0.0331629112644937 -0.0331629112644937 -0.0331629112644937 -0.0331629112644937 -0.0952071066064993 -0.143263222208458 -0.0117355080278042 0.116459134649627 -0.0331629112644937 -0.0331629112644937 -0.373778994744361 -0.373778994744361 -0.373778994744361 -0.373778994744361 -0.373778994744361 -0.373778994744361 -0.373778994744361 -0.167897463902392 -0.167897463902392 -0.483253517688302 -0.483253517688302 -0.483253517688302 -0.483253517688302 -0.483253517688302 -0.483253517688302 -0.483253517688302 -0.0635465563845691 -0.483253517688302
-9999 -9999 -9999 -9999 -9999 -9999 -9999 -9999 -9999 -9999 -9999 -9999 -9999 -9999 -9999 -9999 -9999 -9999 -9999 -9999 -9999 -9999 -9999 -9999 -9999 -9999 -9999 -9999 -9999 -9999 0.161071655564527 0.294642645447742 -0.0331629112644937 -0.0331629112644937 -0.0331629112644937 -0.0331629112644937 -0.0331629112644937 -0.0331629112644937 -0.117650004942904 -0.117650004942904 -0.143263222208458 -0.0117355080278043 -0.117650004942904 -0.424697328829878 -0.167897463902391 -0.424697328829878 -0.373778994744361 -0.373778994744361 -0.373778994744361 -0.373778994744361 -0.373778994744361 -0.167897463902391 -0.167897463902391 -0.483253517688303 -0.483253517688303 -0.483253517688303 -0.483253517688303 -0.483253517688303 -0.483253517688303 -0.483253517688303 -0.0635465563845691 -0.0635465563845691
-9999 -9999 -9999 -9999 -9999 -9999 -9999 -9999 -9999 -9999 -9999 -9999 -9999 -9999 -9999 -9999 -9999 -9999 -9999 -9999 -9999 -9999 -9999 -9999 -9999 -9999 -9999 -9999 -9999 -9999 -9999 0.294642645447742 0.294642645447742 -0.0331629112644938 -0.0331629112644938 -0.0331629112644938 0.411563679645918 0.411563679645918 0.411563679645918 -0.113704501463535 -0.117650004942904 -0.143263222208458 -0.143263222208458 -0.167897463902391 -0.483253517688303 -0.483253517688303 -0.167897463902391 -0.167897463902391 -0.373778994744361 -0.373778994744361 -0.373778994744361 -0.373778994744361 -0.167897463902391 -0.167897463902391 -0.483253517688303 -0.483253517688303 -0.483253517688303 -0.483253517688303 -0.483253517688303 -0.483253517688303 -0.483253517688303 -0.0635465563845692
-9999 -9999 -9999 -9999 -9999 -9999 -9999 -9999 -9999 -9999 -9999 -9999 -9999 -9999 -9999 -9999 -9999 -9999 -9999 -9999 -9999 -9999 -9999 -9999 -9999 -9999 -9999 -9999 -9999 -9999 -9999 0.112820862524756 0.112820862524756 0.411563679645918 -0.0331629112644938 -0.0331629112644938 0.411563679645919 -0.113704501463535 -0.113704501463535 0.411563679645919 0.411563679645919 -0.117650004942904 -0.143263222208458 -0.167897463902391 -0.167897463902391 -0.167897463902391 -0.167897463902391 -0.37377899474436 -0.37377899474436 -0.37377899474436 -0.37377899474436 -0.37377899474436 -0.0871926764491423 -0.167897463902391 -0.167897463902391 -0.483253517688304 -0.483253517688304 -0.483253517688303 -0.483253517688303 -0.483253517688303 -0.483253517688303 -0.483253517688303
-9999 -9999 -9999 -9999 -9999 -9999 -9999 -9999 -9999 -9999 -9999 -9999 -9999 -9999 -9999 -9999 -9999 -9999 -9999 -9999 -9999 -9999 -9999 -9999 -9999 -9999 -9999 -9999 -9999 -9999 -9999 0.161071655564527 0.112820862524756 -0.0331629112644938 0.411563679645919 0.411563679645919 0.411563679645919 -0.113704501463535 -0.113704501463535 -0.113704501463535 -0.113704501463535 -0.113704501463535 -0.167897463902391 -0.167897463902391 -0.167897463902391 -0.167897463902391 -0.167897463902391 -0.373778994744361 -0.373778994744361 -0.373778994744361 -0.373778994744361 -0.373778994744361 -0.373778994744361 -0.167897463902391 -0.167897463902391 -0.483253517688304 -0.483253517688304 -0.483253517688303 -0.483253517688304 -0.483253517688304 -0.483253517688304 -0.483253517688304
-9999 -9999 -9999 -9999 -9999 -9999 -9999 -9999 -9999 -9999 -9999 -9999 -9999 -9999 -9999 -9999 -9999 -9999 -9999 -9999 -9999 -9999 -9999 -9999 -9999 -9999 -9999 -9999 -9999 -0.0845102467905542 -9999 -0.0117355080278043 -0.0117355080278043 -0.0117355080278043 -0.0117355080278043 0.41156367964592 0.41156367964592 -0.113704501463535 -0.113704501463535 -0.113704501463535 -0.113704501463535 0.411563679645921 -0.113704501463535 -0.117650004942904 -0.167897463902391 -0.483253517688304 -0.424697328829876 -0.424697328829877 -0.424697328829876 -0.424697328829876 -0.373778994744361 -0.373778994744361 -0.373778994744361 -0.167897463902391 -0.167897463902391 -0.483253517688304 -0.483253517688304 -0.483253517688304 -0.483253517688304 -0.483253517688304 -0.483253517688304 -0.483253517688304
-9999 -9999 -9999 -9999 -9999 -9999 -9999 -9999 -9999 -9999 -9999 -9999 -9999 -9999 -9999 -9999 -9999 -9999 -9999 -9999 -9999 -9999 -9999 -9999 -9999 -9999 -9999 -9999 -9999 -0.0331629112644938 -0.0331629112644938 -0.0117355080278043 -0.0331629112644938 -0.0117355080278043 -0.0117355080278043 0.116459134649626 0.411563679645921 0.411563679645921 -0.113704501463535 -0.113704501463535 -0.113704501463535 -0.113704501463535 -0.113704501463535 -0.113704501463535 -0.113704501463535 -0.483253517688305 -0.483253517688305 -0.483253517688305 -0.483253517688305 -0.167897463902391 -0.37377899474436 -0.37377899474436 -0.37377899474436 -0.37377899474436 -0.167897463902391 -0.167897463902391 -0.167897463902391 -0.483253517688305 -0.483253517688304 -0.483253517688305 -0.483253517688305 -0.483253517688305
-9999 -9999 -9999 -9999 -9999 -9999 -9999 -9999 -9999 -9999 -9999 -9999 -9999 -9999 -9999 -9999 -9999 -9999 -9999 -9999 -9999 -9999 -9999 -9999 -9999 -9999 -9999 -9999 -9999 0.0573653148534038 -0.0331629112644938 -0.0331629112644938 -0.0331629112644938 -0.0331629112644938 -0.0117355080278043 -0.315206282950892 0.116459134649626 0.411563679645922 -0.113704501463535 -0.113704501463535 0.411563679645922 -0.113704501463535 -0.113704501463535 0.411563679645922 -0.113704501463535 -0.113704501463535 -0.483253517688304 -0.483253517688304 -0.483253517688304 -0.167897463902391 -0.167897463902391 -0.37377899474436 -0.37377899474436 -0.37377899474436 -0.0871926764491424 -0.167897463902391 -0.167897463902391 -0.483253517688304 -0.483253517688304 -0.483253517688304 -0.483253517688304 -0.483253517688304
-9999 -9999 -9999 -9999 -9999 -9999 -9999 -9999 -9999 -9999 -9999 -9999 -9999 -9999 -9999 -9999 -9999 -9999 -9999 -9999 -9999 -9999 -9999 -9999 -9999 -9999 -9999 -9999 -9999 -0.0108931565393718 -0.0331629112644938 -0.0331629112644938 -0.0331629112644938 -0.0331629112644938 -0.37377899474436 -0.315206282950892 -0.0117355080278043 0.116459134649626 0.411563679645923 0.411563679645923 0.411563679645923 -0.113704501463535 -0.113704501463535 -0.113704501463535 -0.113704501463535 -0.113704501463535 -0.483253517688304 -0.483253517688304 -0.483253517688304 -0.483253517688304 -0.167897463902391 -0.0871926764491424 -0.373778994744361 -0.373778994744361 -0.373778994744361 -0.0871926764491425 -0.167897463902391 -0.167897463902391 -0.483253517688304 -0.483253517688304 -0.483253517688304 -0.483253517688304
-9999 -9999 -9999 -9999 -9999 -9999 -9999 -9999 -9999 -9999 -9999 -9999 -9999 -9999 -9999 -9999 -9999 -9999 -9999 -9999 -9999 -9999 -9999 -9999 -9999 -9999 -9999 -9999 -9999 -9999 -0.0331629112644938 -0.0331629112644938 -0.0331629112644938 -0.0331629112644938 -0.0331629112644939 -0.0331629112644938 -0.315206282950892 -0.0117355080278043 -0.0117355080278043 -0.0331629112644938 -0.0331629112644938 -0.117650004942904 -0.483253517688304 -0.483253517688304 -0.113704501463535 -0.113704501463535 -0.113704501463535 -0.483253517688304 -0.483253517688304 -0.483253517688304 -0.167897463902391 -0.167897463902391 -0.373778994744361 -0.373778994744361 -0.373778994744361 -0.373778994744361 -0.373778994744361 -0.167897463902391 -0.167897463902391 -0.167897463902391 -0.483253517688304 -0.483253517688304
-9999 -9999 -9999 -9999 -9999 -9999 -9999 -9999 -9999 -9999 -9999 -9999 -9999 -9999 -9999 -9999 -9999 -9999 -9999 -9999 -9999 -9999 -9999 -9999 -9999 -9999 -9999 -9999 -9999 -9999 -0.0331629112644938 -0.0331629112644938 -0.0331629112644938 0.411563679645923 -0.0331629112644938 -0.0331629112644938 -0.0331629112644938 -0.315206282950892 -0.0117355080278043 -0.0331629112644938 -0.0331629112644938 -0.424697328829876 -0.424697328829876 -0.483253517688305 -0.483253517688305 -0.113704501463535 -0.113704501463535 -0.483253517688305 -0.483253517688305 -0.483253517688305 -0.483253517688305 -0.167897463902391 -0.0871926764491426 -0.373778994744362 -0.373778994744361 -0.373778994744361 -0.373778994744361 -0.373778994744361 -0.0871926764491426 -0.167897463902391 -0.167897463902391 -0.167897463902391
